Datetime,Open,High,Low,Close,Adj Close,Volume,Dividends,Stock Splits
2023-01-17 09:30:00-05:00,4.730000019073486,4.739999771118164,4.679999828338623,4.679999828338623,4.679999828338623,7665,0.0,0.0
2023-01-17 09:35:00-05:00,4.690000057220459,4.71999979019165,4.679999828338623,4.699999809265137,4.699999809265137,2816,0.0,0.0
2023-01-17 09:40:00-05:00,4.699999809265137,4.730000019073486,4.679999828338623,4.730000019073486,4.730000019073486,4105,0.0,0.0
2023-01-17 09:45:00-05:00,4.730000019073486,4.744999885559082,4.730000019073486,4.739999771118164,4.739999771118164,4221,0.0,0.0
2023-01-17 09:50:00-05:00,4.739999771118164,4.75,4.738999843597412,4.749000072479248,4.749000072479248,3230,0.0,0.0
2023-01-17 09:55:00-05:00,4.75,4.775000095367432,4.75,4.769999980926514,4.769999980926514,5321,0.0,0.0
2023-01-17 10:00:00-05:00,4.769999980926514,4.789999961853027,4.769999980926514,4.789999961853027,4.789999961853027,3977,0.0,0.0
2023-01-17 10:05:00-05:00,4.78000020980835,4.789400100708008,4.78000020980835,4.78000020980835,4.78000020980835,3304,0.0,0.0
2023-01-17 10:10:00-05:00,4.77810001373291,4.789999961853027,4.775000095367432,4.789999961853027,4.789999961853027,3547,0.0,0.0
2023-01-17 10:15:00-05:00,4.789999961853027,4.795000076293945,4.775000095367432,4.789999961853027,4.789999961853027,3461,0.0,0.0
2023-01-17 10:20:00-05:00,4.795000076293945,4.800000190734863,4.739999771118164,4.760000228881836,4.760000228881836,30919,0.0,0.0
2023-01-17 10:25:00-05:00,4.739999771118164,4.75,4.735000133514404,4.735000133514404,4.735000133514404,2976,0.0,0.0
2023-01-17 10:30:00-05:00,4.730000019073486,4.739999771118164,4.71999979019165,4.730000019073486,4.730000019073486,3706,0.0,0.0
2023-01-17 10:35:00-05:00,4.735000133514404,4.735000133514404,4.735000133514404,4.735000133514404,4.735000133514404,660,0.0,0.0
2023-01-17 10:40:00-05:00,4.730000019073486,4.760000228881836,4.730000019073486,4.760000228881836,4.760000228881836,9382,0.0,0.0
2023-01-17 10:45:00-05:00,4.769899845123291,4.78000020980835,4.769899845123291,4.78000020980835,4.78000020980835,1736,0.0,0.0
2023-01-17 10:50:00-05:00,4.78000020980835,4.784999847412109,4.775000095367432,4.78000020980835,4.78000020980835,5116,0.0,0.0
2023-01-17 10:55:00-05:00,4.78000020980835,4.78000020980835,4.753499984741211,4.753499984741211,4.753499984741211,10956,0.0,0.0
2023-01-17 11:00:00-05:00,4.755000114440918,4.764999866485596,4.755000114440918,4.764999866485596,4.764999866485596,1948,0.0,0.0
2023-01-17 11:05:00-05:00,4.760000228881836,4.760000228881836,4.760000228881836,4.760000228881836,4.760000228881836,1893,0.0,0.0
2023-01-17 11:10:00-05:00,4.75,4.75,4.744999885559082,4.744999885559082,4.744999885559082,1512,0.0,0.0
2023-01-17 11:15:00-05:00,4.744999885559082,4.744999885559082,4.730000019073486,4.730000019073486,4.730000019073486,2838,0.0,0.0
2023-01-17 11:20:00-05:00,4.730100154876709,4.735000133514404,4.730100154876709,4.735000133514404,4.735000133514404,2234,0.0,0.0
2023-01-17 11:25:00-05:00,4.739999771118164,4.744999885559082,4.724999904632568,4.739999771118164,4.739999771118164,7419,0.0,0.0
2023-01-17 11:30:00-05:00,4.724999904632568,4.724999904632568,4.715000152587891,4.724999904632568,4.724999904632568,3175,0.0,0.0
2023-01-17 11:35:00-05:00,4.724999904632568,4.730000019073486,4.724999904632568,4.724999904632568,4.724999904632568,1077,0.0,0.0
2023-01-17 11:45:00-05:00,4.724999904632568,4.730000019073486,4.724999904632568,4.730000019073486,4.730000019073486,484,0.0,0.0
2023-01-17 11:50:00-05:00,4.71999979019165,4.730000019073486,4.71999979019165,4.730000019073486,4.730000019073486,211,0.0,0.0
2023-01-17 11:55:00-05:00,4.724999904632568,4.724999904632568,4.724999904632568,4.724999904632568,4.724999904632568,531,0.0,0.0
2023-01-17 12:00:00-05:00,4.724999904632568,4.724999904632568,4.724999904632568,4.724999904632568,4.724999904632568,443,0.0,0.0
2023-01-17 12:05:00-05:00,4.730000019073486,4.730000019073486,4.710000038146973,4.710000038146973,4.710000038146973,3754,0.0,0.0
2023-01-17 12:10:00-05:00,4.710000038146973,4.710000038146973,4.699999809265137,4.706900119781494,4.706900119781494,5238,0.0,0.0
2023-01-17 12:15:00-05:00,4.704999923706055,4.704999923706055,4.704999923706055,4.704999923706055,4.704999923706055,171,0.0,0.0
2023-01-17 12:20:00-05:00,4.704999923706055,4.710000038146973,4.704999923706055,4.710000038146973,4.710000038146973,853,0.0,0.0
2023-01-17 12:25:00-05:00,4.704999923706055,4.715000152587891,4.704999923706055,4.715000152587891,4.715000152587891,3418,0.0,0.0
2023-01-17 12:30:00-05:00,4.715000152587891,4.71999979019165,4.710000038146973,4.710000038146973,4.710000038146973,5414,0.0,0.0
2023-01-17 12:35:00-05:00,4.704999923706055,4.710000038146973,4.699999809265137,4.699999809265137,4.699999809265137,5410,0.0,0.0
2023-01-17 12:40:00-05:00,4.699999809265137,4.699999809265137,4.699999809265137,4.699999809265137,4.699999809265137,2038,0.0,0.0
2023-01-17 12:45:00-05:00,4.697500228881836,4.697500228881836,4.670000076293945,4.670000076293945,4.670000076293945,22261,0.0,0.0
2023-01-17 12:50:00-05:00,4.670000076293945,4.675000190734863,4.670000076293945,4.670000076293945,4.670000076293945,2120,0.0,0.0
2023-01-17 12:55:00-05:00,4.675000190734863,4.699999809265137,4.675000190734863,4.699999809265137,4.699999809265137,6331,0.0,0.0
2023-01-17 13:00:00-05:00,4.695000171661377,4.71999979019165,4.695000171661377,4.710000038146973,4.710000038146973,5590,0.0,0.0
2023-01-17 13:05:00-05:00,4.710000038146973,4.71999979019165,4.710000038146973,4.715000152587891,4.715000152587891,3605,0.0,0.0
2023-01-17 13:10:00-05:00,4.715000152587891,4.724999904632568,4.715000152587891,4.715000152587891,4.715000152587891,4184,0.0,0.0
2023-01-17 13:15:00-05:00,4.71999979019165,4.724999904632568,4.715000152587891,4.71999979019165,4.71999979019165,7531,0.0,0.0
2023-01-17 13:20:00-05:00,4.71999979019165,4.71999979019165,4.710000038146973,4.710000038146973,4.710000038146973,841,0.0,0.0
2023-01-17 13:25:00-05:00,4.715000152587891,4.715000152587891,4.715000152587891,4.715000152587891,4.715000152587891,1206,0.0,0.0
2023-01-17 13:30:00-05:00,4.710000038146973,4.71999979019165,4.710000038146973,4.710000038146973,4.710000038146973,3222,0.0,0.0
2023-01-17 13:35:00-05:00,4.715000152587891,4.71999979019165,4.715000152587891,4.71999979019165,4.71999979019165,3945,0.0,0.0
2023-01-17 13:40:00-05:00,4.715000152587891,4.71999979019165,4.710000038146973,4.715000152587891,4.715000152587891,2248,0.0,0.0
2023-01-17 13:45:00-05:00,4.715000152587891,4.715000152587891,4.710000038146973,4.710000038146973,4.710000038146973,3402,0.0,0.0
2023-01-17 13:50:00-05:00,4.704999923706055,4.715000152587891,4.704999923706055,4.715000152587891,4.715000152587891,1885,0.0,0.0
2023-01-17 13:55:00-05:00,4.715000152587891,4.715000152587891,4.715000152587891,4.715000152587891,4.715000152587891,550,0.0,0.0
2023-01-17 14:00:00-05:00,4.715000152587891,4.715000152587891,4.699999809265137,4.704999923706055,4.704999923706055,9098,0.0,0.0
2023-01-17 14:05:00-05:00,4.704999923706055,4.704999923706055,4.704999923706055,4.704999923706055,4.704999923706055,1400,0.0,0.0
2023-01-17 14:10:00-05:00,4.699999809265137,4.704999923706055,4.690000057220459,4.690000057220459,4.690000057220459,8989,0.0,0.0
2023-01-17 14:15:00-05:00,4.690000057220459,4.699999809265137,4.684999942779541,4.690000057220459,4.690000057220459,3457,0.0,0.0
2023-01-17 14:20:00-05:00,4.699999809265137,4.699999809265137,4.695000171661377,4.699999809265137,4.699999809265137,2851,0.0,0.0
2023-01-17 14:25:00-05:00,4.704999923706055,4.710000038146973,4.690000057220459,4.704999923706055,4.704999923706055,33476,0.0,0.0
2023-01-17 14:30:00-05:00,4.704999923706055,4.704999923706055,4.702499866485596,4.704999923706055,4.704999923706055,5307,0.0,0.0
2023-01-17 14:35:00-05:00,4.710000038146973,4.71999979019165,4.704999923706055,4.71999979019165,4.71999979019165,13589,0.0,0.0
2023-01-17 14:40:00-05:00,4.715000152587891,4.715000152587891,4.712500095367432,4.715000152587891,4.715000152587891,3756,0.0,0.0
2023-01-17 14:45:00-05:00,4.710000038146973,4.710000038146973,4.695000171661377,4.695000171661377,4.695000171661377,19183,0.0,0.0
2023-01-17 14:50:00-05:00,4.690000057220459,4.699999809265137,4.690000057220459,4.695000171661377,4.695000171661377,910,0.0,0.0
2023-01-17 14:55:00-05:00,4.699999809265137,4.704999923706055,4.684999942779541,4.684999942779541,4.684999942779541,17690,0.0,0.0
2023-01-17 15:00:00-05:00,4.684999942779541,4.704999923706055,4.679999828338623,4.704999923706055,4.704999923706055,7634,0.0,0.0
2023-01-17 15:05:00-05:00,4.699999809265137,4.715000152587891,4.699999809265137,4.704999923706055,4.704999923706055,20784,0.0,0.0
2023-01-17 15:10:00-05:00,4.704999923706055,4.704999923706055,4.690000057220459,4.704999923706055,4.704999923706055,11676,0.0,0.0
2023-01-17 15:15:00-05:00,4.704999923706055,4.704999923706055,4.701900005340576,4.704999923706055,4.704999923706055,5339,0.0,0.0
2023-01-17 15:20:00-05:00,4.704999923706055,4.704999923706055,4.695000171661377,4.704999923706055,4.704999923706055,18020,0.0,0.0
2023-01-17 15:25:00-05:00,4.699999809265137,4.730000019073486,4.690000057220459,4.71999979019165,4.71999979019165,32076,0.0,0.0
2023-01-17 15:30:00-05:00,4.715000152587891,4.730000019073486,4.710000038146973,4.730000019073486,4.730000019073486,82232,0.0,0.0
2023-01-17 15:35:00-05:00,4.724999904632568,4.769999980926514,4.724999904632568,4.769999980926514,4.769999980926514,12822,0.0,0.0
2023-01-17 15:40:00-05:00,4.769999980926514,4.769999980926514,4.735000133514404,4.739999771118164,4.739999771118164,24183,0.0,0.0
2023-01-17 15:45:00-05:00,4.75,4.75,4.735000133514404,4.744999885559082,4.744999885559082,18360,0.0,0.0
2023-01-17 15:50:00-05:00,4.744999885559082,4.775000095367432,4.739999771118164,4.769999980926514,4.769999980926514,31105,0.0,0.0
2023-01-17 15:55:00-05:00,4.769999980926514,4.769999980926514,4.739999771118164,4.760000228881836,4.760000228881836,129898,0.0,0.0
2023-01-18 09:30:00-05:00,4.809999942779541,4.820000171661377,4.75,4.820000171661377,4.820000171661377,9167,0.0,0.0
2023-01-18 09:35:00-05:00,4.800000190734863,4.860000133514404,4.800000190734863,4.840000152587891,4.840000152587891,15608,0.0,0.0
2023-01-18 09:40:00-05:00,4.840000152587891,4.894999980926514,4.829999923706055,4.849999904632568,4.849999904632568,50496,0.0,0.0
2023-01-18 09:45:00-05:00,4.855000019073486,4.855000019073486,4.820000171661377,4.827499866485596,4.827499866485596,2736,0.0,0.0
2023-01-18 09:50:00-05:00,4.840000152587891,4.849999904632568,4.835000038146973,4.849999904632568,4.849999904632568,6342,0.0,0.0
2023-01-18 09:55:00-05:00,4.84499979019165,4.860000133514404,4.84499979019165,4.856100082397461,4.856100082397461,4204,0.0,0.0
2023-01-18 10:00:00-05:00,4.860000133514404,4.860000133514404,4.829999923706055,4.829999923706055,4.829999923706055,6536,0.0,0.0
2023-01-18 10:05:00-05:00,4.840000152587891,4.840000152587891,4.840000152587891,4.840000152587891,4.840000152587891,1188,0.0,0.0
2023-01-18 10:10:00-05:00,4.84499979019165,4.84499979019165,4.840000152587891,4.840000152587891,4.840000152587891,1234,0.0,0.0
2023-01-18 10:15:00-05:00,4.840000152587891,4.849999904632568,4.820000171661377,4.820000171661377,4.820000171661377,8476,0.0,0.0
2023-01-18 10:20:00-05:00,4.820000171661377,4.840000152587891,4.820000171661377,4.840000152587891,4.840000152587891,3631,0.0,0.0
2023-01-18 10:25:00-05:00,4.849999904632568,4.849999904632568,4.840000152587891,4.842599868774414,4.842599868774414,9621,0.0,0.0
2023-01-18 10:30:00-05:00,4.849999904632568,4.849999904632568,4.849999904632568,4.849999904632568,4.849999904632568,168,0.0,0.0
2023-01-18 10:35:00-05:00,4.840000152587891,4.840000152587891,4.840000152587891,4.840000152587891,4.840000152587891,8995,0.0,0.0
2023-01-18 10:40:00-05:00,4.835000038146973,4.835000038146973,4.835000038146973,4.835000038146973,4.835000038146973,117,0.0,0.0
2023-01-18 10:45:00-05:00,4.835000038146973,4.835000038146973,4.829999923706055,4.829999923706055,4.829999923706055,2147,0.0,0.0
2023-01-18 10:50:00-05:00,4.829999923706055,4.838799953460693,4.829999923706055,4.835000038146973,4.835000038146973,4927,0.0,0.0
2023-01-18 10:55:00-05:00,4.835000038146973,4.840000152587891,4.820000171661377,4.835000038146973,4.835000038146973,4254,0.0,0.0
2023-01-18 11:00:00-05:00,4.835000038146973,4.840000152587891,4.835000038146973,4.840000152587891,4.840000152587891,1817,0.0,0.0
2023-01-18 11:05:00-05:00,4.829999923706055,4.829999923706055,4.815000057220459,4.815000057220459,4.815000057220459,5094,0.0,0.0
2023-01-18 11:10:00-05:00,4.809999942779541,4.809999942779541,4.804999828338623,4.804999828338623,4.804999828338623,888,0.0,0.0
2023-01-18 11:15:00-05:00,4.802499771118164,4.804999828338623,4.795000076293945,4.804999828338623,4.804999828338623,7447,0.0,0.0
2023-01-18 11:20:00-05:00,4.804999828338623,4.804999828338623,4.775000095367432,4.789999961853027,4.789999961853027,5164,0.0,0.0
2023-01-18 11:25:00-05:00,4.795000076293945,4.804999828338623,4.795000076293945,4.800000190734863,4.800000190734863,3504,0.0,0.0
2023-01-18 11:30:00-05:00,4.789999961853027,4.789999961853027,4.789999961853027,4.789999961853027,4.789999961853027,1221,0.0,0.0
2023-01-18 11:35:00-05:00,4.795000076293945,4.809999942779541,4.795000076293945,4.800000190734863,4.800000190734863,2364,0.0,0.0
2023-01-18 11:40:00-05:00,4.789999961853027,4.795000076293945,4.769999980926514,4.769999980926514,4.769999980926514,8412,0.0,0.0
2023-01-18 11:45:00-05:00,4.760000228881836,4.769999980926514,4.760000228881836,4.760000228881836,4.760000228881836,6245,0.0,0.0
2023-01-18 11:50:00-05:00,4.760000228881836,4.760000228881836,4.739999771118164,4.739999771118164,4.739999771118164,8855,0.0,0.0
2023-01-18 11:55:00-05:00,4.744999885559082,4.764999866485596,4.744999885559082,4.760000228881836,4.760000228881836,6511,0.0,0.0
2023-01-18 12:00:00-05:00,4.764999866485596,4.764999866485596,4.75,4.75,4.75,5024,0.0,0.0
2023-01-18 12:05:00-05:00,4.744999885559082,4.744999885559082,4.739999771118164,4.739999771118164,4.739999771118164,2229,0.0,0.0
2023-01-18 12:10:00-05:00,4.739999771118164,4.739999771118164,4.735000133514404,4.739999771118164,4.739999771118164,8045,0.0,0.0
2023-01-18 12:15:00-05:00,4.739999771118164,4.75,4.739999771118164,4.744999885559082,4.744999885559082,6317,0.0,0.0
2023-01-18 12:20:00-05:00,4.739999771118164,4.744999885559082,4.739999771118164,4.744999885559082,4.744999885559082,244,0.0,0.0
2023-01-18 12:25:00-05:00,4.744999885559082,4.75,4.739999771118164,4.75,4.75,4713,0.0,0.0
2023-01-18 12:30:00-05:00,4.755000114440918,4.755000114440918,4.755000114440918,4.755000114440918,4.755000114440918,318,0.0,0.0
2023-01-18 12:35:00-05:00,4.760000228881836,4.760000228881836,4.760000228881836,4.760000228881836,4.760000228881836,1485,0.0,0.0
2023-01-18 12:40:00-05:00,4.764999866485596,4.764999866485596,4.75,4.755000114440918,4.755000114440918,3279,0.0,0.0
2023-01-18 12:45:00-05:00,4.755000114440918,4.755000114440918,4.755000114440918,4.755000114440918,4.755000114440918,727,0.0,0.0
2023-01-18 12:50:00-05:00,4.75,4.760000228881836,4.75,4.75,4.75,2961,0.0,0.0
2023-01-18 12:55:00-05:00,4.744999885559082,4.744999885559082,4.744999885559082,4.744999885559082,4.744999885559082,134,0.0,0.0
2023-01-18 13:00:00-05:00,4.744999885559082,4.755000114440918,4.744999885559082,4.744999885559082,4.744999885559082,9816,0.0,0.0
2023-01-18 13:05:00-05:00,4.744999885559082,4.75,4.744999885559082,4.75,4.75,1257,0.0,0.0
2023-01-18 13:10:00-05:00,4.75,4.755000114440918,4.75,4.755000114440918,4.755000114440918,4459,0.0,0.0
2023-01-18 13:15:00-05:00,4.755000114440918,4.764999866485596,4.755000114440918,4.760000228881836,4.760000228881836,6202,0.0,0.0
2023-01-18 13:20:00-05:00,4.769999980926514,4.78000020980835,4.769999980926514,4.78000020980835,4.78000020980835,1426,0.0,0.0
2023-01-18 13:25:00-05:00,4.769999980926514,4.769999980926514,4.769999980926514,4.769999980926514,4.769999980926514,2715,0.0,0.0
2023-01-18 13:30:00-05:00,4.78000020980835,4.784999847412109,4.78000020980835,4.78000020980835,4.78000020980835,2752,0.0,0.0
2023-01-18 13:35:00-05:00,4.769999980926514,4.78000020980835,4.769999980926514,4.78000020980835,4.78000020980835,1703,0.0,0.0
2023-01-18 13:40:00-05:00,4.789999961853027,4.789999961853027,4.789999961853027,4.789999961853027,4.789999961853027,2716,0.0,0.0
2023-01-18 13:45:00-05:00,4.789999961853027,4.800000190734863,4.789999961853027,4.789999961853027,4.789999961853027,3061,0.0,0.0
2023-01-18 13:50:00-05:00,4.78000020980835,4.78000020980835,4.769999980926514,4.769999980926514,4.769999980926514,1266,0.0,0.0
2023-01-18 13:55:00-05:00,4.775000095367432,4.775000095367432,4.764999866485596,4.764999866485596,4.764999866485596,1063,0.0,0.0
2023-01-18 14:00:00-05:00,4.764999866485596,4.764999866485596,4.75,4.75,4.75,4581,0.0,0.0
2023-01-18 14:05:00-05:00,4.75,4.75,4.744999885559082,4.749899864196777,4.749899864196777,4633,0.0,0.0
2023-01-18 14:10:00-05:00,4.75,4.75,4.739999771118164,4.744999885559082,4.744999885559082,2276,0.0,0.0
2023-01-18 14:15:00-05:00,4.744999885559082,4.744999885559082,4.744999885559082,4.744999885559082,4.744999885559082,1045,0.0,0.0
2023-01-18 14:20:00-05:00,4.739999771118164,4.744999885559082,4.739999771118164,4.744999885559082,4.744999885559082,2571,0.0,0.0
2023-01-18 14:25:00-05:00,4.744999885559082,4.744999885559082,4.735000133514404,4.744999885559082,4.744999885559082,12308,0.0,0.0
2023-01-18 14:30:00-05:00,4.75,4.755000114440918,4.75,4.755000114440918,4.755000114440918,2109,0.0,0.0
2023-01-18 14:35:00-05:00,4.755000114440918,4.755000114440918,4.710000038146973,4.710000038146973,4.710000038146973,24502,0.0,0.0
2023-01-18 14:40:00-05:00,4.710000038146973,4.710000038146973,4.690000057220459,4.690000057220459,4.690000057220459,12431,0.0,0.0
2023-01-18 14:45:00-05:00,4.684999942779541,4.684999942779541,4.635000228881836,4.650000095367432,4.650000095367432,34917,0.0,0.0
2023-01-18 14:50:00-05:00,4.644999980926514,4.664999961853027,4.635000228881836,4.664999961853027,4.664999961853027,18728,0.0,0.0
2023-01-18 14:55:00-05:00,4.664999961853027,4.679999828338623,4.664999961853027,4.675000190734863,4.675000190734863,3601,0.0,0.0
2023-01-18 15:00:00-05:00,4.675000190734863,4.675000190734863,4.659999847412109,4.675000190734863,4.675000190734863,7651,0.0,0.0
2023-01-18 15:05:00-05:00,4.670000076293945,4.670000076293945,4.65500020980835,4.659999847412109,4.659999847412109,8873,0.0,0.0
2023-01-18 15:10:00-05:00,4.659999847412109,4.675000190734863,4.65500020980835,4.675000190734863,4.675000190734863,21640,0.0,0.0
2023-01-18 15:15:00-05:00,4.675000190734863,4.675000190734863,4.650000095367432,4.65500020980835,4.65500020980835,15554,0.0,0.0
2023-01-18 15:20:00-05:00,4.65500020980835,4.679999828338623,4.650000095367432,4.675000190734863,4.675000190734863,5814,0.0,0.0
2023-01-18 15:25:00-05:00,4.675000190734863,4.695000171661377,4.675000190734863,4.690000057220459,4.690000057220459,12798,0.0,0.0
2023-01-18 15:30:00-05:00,4.690000057220459,4.699999809265137,4.675000190734863,4.675000190734863,4.675000190734863,35446,0.0,0.0
2023-01-18 15:35:00-05:00,4.675000190734863,4.679999828338623,4.664999961853027,4.664999961853027,4.664999961853027,9184,0.0,0.0
2023-01-18 15:40:00-05:00,4.664999961853027,4.675000190734863,4.664999961853027,4.664999961853027,4.664999961853027,13839,0.0,0.0
2023-01-18 15:45:00-05:00,4.664999961853027,4.675000190734863,4.664999961853027,4.675000190734863,4.675000190734863,21860,0.0,0.0
2023-01-18 15:50:00-05:00,4.670000076293945,4.690000057220459,4.664999961853027,4.684999942779541,4.684999942779541,17643,0.0,0.0
2023-01-18 15:55:00-05:00,4.684999942779541,4.699999809265137,4.659999847412109,4.659999847412109,4.659999847412109,55560,0.0,0.0
2023-01-19 09:30:00-05:00,4.619999885559082,4.650000095367432,4.619999885559082,4.630000114440918,4.630000114440918,6753,0.0,0.0
2023-01-19 09:35:00-05:00,4.630000114440918,4.659999847412109,4.630000114440918,4.65500020980835,4.65500020980835,2388,0.0,0.0
2023-01-19 09:40:00-05:00,4.65500020980835,4.664999961853027,4.639999866485596,4.639999866485596,4.639999866485596,5804,0.0,0.0
2023-01-19 09:45:00-05:00,4.644999980926514,4.650000095367432,4.625,4.630000114440918,4.630000114440918,1871,0.0,0.0
2023-01-19 09:50:00-05:00,4.639999866485596,4.639999866485596,4.619999885559082,4.619999885559082,4.619999885559082,2148,0.0,0.0
2023-01-19 09:55:00-05:00,4.619999885559082,4.630000114440918,4.610000133514404,4.625,4.625,4941,0.0,0.0
2023-01-19 10:00:00-05:00,4.619999885559082,4.630000114440918,4.619999885559082,4.630000114440918,4.630000114440918,1998,0.0,0.0
2023-01-19 10:05:00-05:00,4.639999866485596,4.650000095367432,4.639999866485596,4.639999866485596,4.639999866485596,4137,0.0,0.0
2023-01-19 10:10:00-05:00,4.639999866485596,4.639999866485596,4.610000133514404,4.614999771118164,4.614999771118164,7493,0.0,0.0
2023-01-19 10:15:00-05:00,4.610000133514404,4.630000114440918,4.610000133514404,4.630000114440918,4.630000114440918,3743,0.0,0.0
2023-01-19 10:20:00-05:00,4.630000114440918,4.639999866485596,4.619999885559082,4.619999885559082,4.619999885559082,3769,0.0,0.0
2023-01-19 10:25:00-05:00,4.625,4.630000114440918,4.625,4.630000114440918,4.630000114440918,3201,0.0,0.0
2023-01-19 10:30:00-05:00,4.619999885559082,4.630000114440918,4.614999771118164,4.630000114440918,4.630000114440918,2821,0.0,0.0
2023-01-19 10:35:00-05:00,4.639999866485596,4.650000095367432,4.639999866485596,4.650000095367432,4.650000095367432,1932,0.0,0.0
2023-01-19 10:40:00-05:00,4.65500020980835,4.664999961853027,4.65500020980835,4.659999847412109,4.659999847412109,3774,0.0,0.0
2023-01-19 10:45:00-05:00,4.650000095367432,4.65500020980835,4.650000095367432,4.65500020980835,4.65500020980835,1118,0.0,0.0
2023-01-19 10:50:00-05:00,4.650000095367432,4.650000095367432,4.650000095367432,4.650000095367432,4.650000095367432,1389,0.0,0.0
2023-01-19 10:55:00-05:00,4.644999980926514,4.650000095367432,4.639999866485596,4.650000095367432,4.650000095367432,4211,0.0,0.0
2023-01-19 11:00:00-05:00,4.659999847412109,4.659999847412109,4.65500020980835,4.659999847412109,4.659999847412109,20697,0.0,0.0
2023-01-19 11:05:00-05:00,4.664999961853027,4.690000057220459,4.6641998291015625,4.690000057220459,4.690000057220459,6749,0.0,0.0
2023-01-19 11:10:00-05:00,4.690000057220459,4.710000038146973,4.690000057220459,4.710000038146973,4.710000038146973,7611,0.0,0.0
2023-01-19 11:15:00-05:00,4.710000038146973,4.724400043487549,4.710000038146973,4.724400043487549,4.724400043487549,4049,0.0,0.0
2023-01-19 11:20:00-05:00,4.730000019073486,4.730000019073486,4.724999904632568,4.730000019073486,4.730000019073486,1167,0.0,0.0
2023-01-19 11:25:00-05:00,4.724999904632568,4.739999771118164,4.71999979019165,4.739999771118164,4.739999771118164,5227,0.0,0.0
2023-01-19 11:30:00-05:00,4.739999771118164,4.75,4.724999904632568,4.724999904632568,4.724999904632568,6994,0.0,0.0
2023-01-19 11:35:00-05:00,4.71999979019165,4.724999904632568,4.71999979019165,4.724999904632568,4.724999904632568,1700,0.0,0.0
2023-01-19 11:40:00-05:00,4.730000019073486,4.730000019073486,4.715000152587891,4.730000019073486,4.730000019073486,3383,0.0,0.0
2023-01-19 11:45:00-05:00,4.730000019073486,4.75,4.724999904632568,4.75,4.75,4728,0.0,0.0
2023-01-19 11:50:00-05:00,4.75,4.760000228881836,4.721099853515625,4.721099853515625,4.721099853515625,25176,0.0,0.0
2023-01-19 11:55:00-05:00,4.71999979019165,4.71999979019165,4.710000038146973,4.710000038146973,4.710000038146973,3323,0.0,0.0
2023-01-19 12:00:00-05:00,4.71999979019165,4.730000019073486,4.710000038146973,4.724999904632568,4.724999904632568,10703,0.0,0.0
2023-01-19 12:05:00-05:00,4.7291998863220215,4.7291998863220215,4.715000152587891,4.71999979019165,4.71999979019165,7262,0.0,0.0
2023-01-19 12:10:00-05:00,4.715000152587891,4.71999979019165,4.710000038146973,4.71999979019165,4.71999979019165,2075,0.0,0.0
2023-01-19 12:15:00-05:00,4.715000152587891,4.71999979019165,4.704999923706055,4.715000152587891,4.715000152587891,6128,0.0,0.0
2023-01-19 12:20:00-05:00,4.710000038146973,4.710000038146973,4.694699764251709,4.699999809265137,4.699999809265137,6457,0.0,0.0
2023-01-19 12:25:00-05:00,4.710000038146973,4.710000038146973,4.695000171661377,4.710000038146973,4.710000038146973,5387,0.0,0.0
2023-01-19 12:30:00-05:00,4.704999923706055,4.71999979019165,4.704999923706055,4.710000038146973,4.710000038146973,5282,0.0,0.0
2023-01-19 12:35:00-05:00,4.704999923706055,4.710000038146973,4.699999809265137,4.710000038146973,4.710000038146973,4416,0.0,0.0
2023-01-19 12:40:00-05:00,4.710000038146973,4.71999979019165,4.704999923706055,4.704999923706055,4.704999923706055,2056,0.0,0.0
2023-01-19 12:45:00-05:00,4.704999923706055,4.710000038146973,4.704999923706055,4.710000038146973,4.710000038146973,600,0.0,0.0
2023-01-19 12:50:00-05:00,4.704999923706055,4.710000038146973,4.699999809265137,4.704999923706055,4.704999923706055,3944,0.0,0.0
2023-01-19 12:55:00-05:00,4.704999923706055,4.710000038146973,4.704999923706055,4.710000038146973,4.710000038146973,3734,0.0,0.0
2023-01-19 13:00:00-05:00,4.710000038146973,4.715000152587891,4.704999923706055,4.704999923706055,4.704999923706055,6336,0.0,0.0
2023-01-19 13:05:00-05:00,4.699999809265137,4.710000038146973,4.694200038909912,4.709099769592285,4.709099769592285,8720,0.0,0.0
2023-01-19 13:10:00-05:00,4.704999923706055,4.704999923706055,4.695000171661377,4.695000171661377,4.695000171661377,3390,0.0,0.0
2023-01-19 13:15:00-05:00,4.690000057220459,4.699999809265137,4.679999828338623,4.699999809265137,4.699999809265137,6771,0.0,0.0
2023-01-19 13:20:00-05:00,4.699999809265137,4.704999923706055,4.695000171661377,4.695000171661377,4.695000171661377,5639,0.0,0.0
2023-01-19 13:25:00-05:00,4.690000057220459,4.690000057220459,4.684999942779541,4.684999942779541,4.684999942779541,1616,0.0,0.0
2023-01-19 13:30:00-05:00,4.690000057220459,4.699999809265137,4.690000057220459,4.695000171661377,4.695000171661377,2898,0.0,0.0
2023-01-19 13:35:00-05:00,4.699999809265137,4.699999809265137,4.693999767303467,4.695000171661377,4.695000171661377,4781,0.0,0.0
2023-01-19 13:40:00-05:00,4.695000171661377,4.695000171661377,4.690000057220459,4.690000057220459,4.690000057220459,1919,0.0,0.0
2023-01-19 13:45:00-05:00,4.684999942779541,4.684999942779541,4.675000190734863,4.684999942779541,4.684999942779541,11310,0.0,0.0
2023-01-19 13:50:00-05:00,4.679999828338623,4.684999942779541,4.679999828338623,4.679999828338623,4.679999828338623,7477,0.0,0.0
2023-01-19 13:55:00-05:00,4.684999942779541,4.695000171661377,4.679999828338623,4.695000171661377,4.695000171661377,4055,0.0,0.0
2023-01-19 14:00:00-05:00,4.695000171661377,4.695000171661377,4.680500030517578,4.680500030517578,4.680500030517578,11631,0.0,0.0
2023-01-19 14:05:00-05:00,4.679999828338623,4.679999828338623,4.670000076293945,4.670000076293945,4.670000076293945,11113,0.0,0.0
2023-01-19 14:10:00-05:00,4.675000190734863,4.675000190734863,4.670000076293945,4.670000076293945,4.670000076293945,805,0.0,0.0
2023-01-19 14:15:00-05:00,4.675000190734863,4.699999809265137,4.675000190734863,4.695000171661377,4.695000171661377,12991,0.0,0.0
2023-01-19 14:20:00-05:00,4.695000171661377,4.704999923706055,4.695000171661377,4.704999923706055,4.704999923706055,13945,0.0,0.0
2023-01-19 14:25:00-05:00,4.699999809265137,4.704999923706055,4.695000171661377,4.695000171661377,4.695000171661377,7461,0.0,0.0
2023-01-19 14:30:00-05:00,4.695000171661377,4.699999809265137,4.690000057220459,4.695000171661377,4.695000171661377,5835,0.0,0.0
2023-01-19 14:35:00-05:00,4.695000171661377,4.695000171661377,4.695000171661377,4.695000171661377,4.695000171661377,5700,0.0,0.0
2023-01-19 14:40:00-05:00,4.695000171661377,4.695000171661377,4.695000171661377,4.695000171661377,4.695000171661377,702,0.0,0.0
2023-01-19 14:45:00-05:00,4.695000171661377,4.699999809265137,4.695000171661377,4.695000171661377,4.695000171661377,5826,0.0,0.0
2023-01-19 14:50:00-05:00,4.699999809265137,4.699999809265137,4.695000171661377,4.699999809265137,4.699999809265137,1279,0.0,0.0
2023-01-19 14:55:00-05:00,4.695000171661377,4.704999923706055,4.695000171661377,4.699999809265137,4.699999809265137,7724,0.0,0.0
2023-01-19 15:00:00-05:00,4.699999809265137,4.710000038146973,4.695000171661377,4.710000038146973,4.710000038146973,2248,0.0,0.0
2023-01-19 15:05:00-05:00,4.704999923706055,4.704999923706055,4.684999942779541,4.690000057220459,4.690000057220459,15327,0.0,0.0
2023-01-19 15:10:00-05:00,4.690000057220459,4.699999809265137,4.684999942779541,4.697700023651123,4.697700023651123,6190,0.0,0.0
2023-01-19 15:15:00-05:00,4.710000038146973,4.710000038146973,4.699999809265137,4.699999809265137,4.699999809265137,3533,0.0,0.0
2023-01-19 15:20:00-05:00,4.710000038146973,4.710000038146973,4.690800189971924,4.695000171661377,4.695000171661377,10212,0.0,0.0
2023-01-19 15:25:00-05:00,4.695000171661377,4.699999809265137,4.695000171661377,4.695000171661377,4.695000171661377,678,0.0,0.0
2023-01-19 15:30:00-05:00,4.695000171661377,4.699999809265137,4.690000057220459,4.695000171661377,4.695000171661377,4129,0.0,0.0
2023-01-19 15:35:00-05:00,4.699999809265137,4.699999809265137,4.695000171661377,4.695000171661377,4.695000171661377,17133,0.0,0.0
2023-01-19 15:40:00-05:00,4.695000171661377,4.699999809265137,4.695000171661377,4.699999809265137,4.699999809265137,3058,0.0,0.0
2023-01-19 15:45:00-05:00,4.699999809265137,4.699999809265137,4.695000171661377,4.699999809265137,4.699999809265137,4879,0.0,0.0
2023-01-19 15:50:00-05:00,4.695000171661377,4.695000171661377,4.679999828338623,4.684999942779541,4.684999942779541,20140,0.0,0.0
2023-01-19 15:55:00-05:00,4.679999828338623,4.679999828338623,4.670000076293945,4.675000190734863,4.675000190734863,39063,0.0,0.0
2023-01-20 09:30:00-05:00,4.739999771118164,4.739999771118164,4.699999809265137,4.710000038146973,4.710000038146973,58376,0.0,0.0
2023-01-20 09:35:00-05:00,4.710000038146973,4.735000133514404,4.699999809265137,4.735000133514404,4.735000133514404,4750,0.0,0.0
2023-01-20 09:40:00-05:00,4.730000019073486,4.739999771118164,4.71999979019165,4.739999771118164,4.739999771118164,2605,0.0,0.0
2023-01-20 09:45:00-05:00,4.75,4.75,4.718999862670898,4.71999979019165,4.71999979019165,3368,0.0,0.0
2023-01-20 09:50:00-05:00,4.735000133514404,4.739999771118164,4.71999979019165,4.730000019073486,4.730000019073486,5748,0.0,0.0
2023-01-20 09:55:00-05:00,4.735000133514404,4.735000133514404,4.71999979019165,4.730000019073486,4.730000019073486,3430,0.0,0.0
2023-01-20 10:00:00-05:00,4.730000019073486,4.730000019073486,4.724999904632568,4.724999904632568,4.724999904632568,1105,0.0,0.0
2023-01-20 10:05:00-05:00,4.730000019073486,4.739999771118164,4.715000152587891,4.715000152587891,4.715000152587891,7285,0.0,0.0
2023-01-20 10:10:00-05:00,4.710000038146973,4.710000038146973,4.710000038146973,4.710000038146973,4.710000038146973,2910,0.0,0.0
2023-01-20 10:15:00-05:00,4.7230000495910645,4.724999904632568,4.7230000495910645,4.724999904632568,4.724999904632568,779,0.0,0.0
2023-01-20 10:20:00-05:00,4.730000019073486,4.735000133514404,4.730000019073486,4.730000019073486,4.730000019073486,7436,0.0,0.0
2023-01-20 10:25:00-05:00,4.730000019073486,4.735000133514404,4.724999904632568,4.735000133514404,4.735000133514404,5040,0.0,0.0
2023-01-20 10:30:00-05:00,4.735000133514404,4.735000133514404,4.730000019073486,4.735000133514404,4.735000133514404,1094,0.0,0.0
2023-01-20 10:35:00-05:00,4.739999771118164,4.739999771118164,4.724999904632568,4.724999904632568,4.724999904632568,3947,0.0,0.0
2023-01-20 10:40:00-05:00,4.71999979019165,4.71999979019165,4.704999923706055,4.704999923706055,4.704999923706055,2203,0.0,0.0
2023-01-20 10:45:00-05:00,4.704999923706055,4.704999923706055,4.679999828338623,4.695000171661377,4.695000171661377,20969,0.0,0.0
2023-01-20 10:50:00-05:00,4.695000171661377,4.695000171661377,4.684999942779541,4.684999942779541,4.684999942779541,2608,0.0,0.0
2023-01-20 10:55:00-05:00,4.689000129699707,4.690000057220459,4.684999942779541,4.690000057220459,4.690000057220459,13371,0.0,0.0
2023-01-20 11:00:00-05:00,4.684999942779541,4.704999923706055,4.684999942779541,4.695000171661377,4.695000171661377,9312,0.0,0.0
2023-01-20 11:05:00-05:00,4.698999881744385,4.699999809265137,4.695000171661377,4.695000171661377,4.695000171661377,10042,0.0,0.0
2023-01-20 11:10:00-05:00,4.699999809265137,4.704999923706055,4.699100017547607,4.699999809265137,4.699999809265137,4511,0.0,0.0
2023-01-20 11:15:00-05:00,4.694300174713135,4.694300174713135,4.694300174713135,4.694300174713135,4.694300174713135,1843,0.0,0.0
2023-01-20 11:20:00-05:00,4.699999809265137,4.699999809265137,4.695000171661377,4.695000171661377,4.695000171661377,2076,0.0,0.0
2023-01-20 11:25:00-05:00,4.695000171661377,4.704999923706055,4.675000190734863,4.690000057220459,4.690000057220459,46216,0.0,0.0
2023-01-20 11:30:00-05:00,4.679999828338623,4.684999942779541,4.659999847412109,4.684999942779541,4.684999942779541,17541,0.0,0.0
2023-01-20 11:35:00-05:00,4.679999828338623,4.679999828338623,4.670000076293945,4.670000076293945,4.670000076293945,5309,0.0,0.0
2023-01-20 11:40:00-05:00,4.664999961853027,4.675000190734863,4.659999847412109,4.675000190734863,4.675000190734863,11595,0.0,0.0
2023-01-20 11:45:00-05:00,4.675000190734863,4.699999809265137,4.675000190734863,4.699999809265137,4.699999809265137,4394,0.0,0.0
2023-01-20 11:50:00-05:00,4.690899848937988,4.699999809265137,4.690000057220459,4.695000171661377,4.695000171661377,9314,0.0,0.0
2023-01-20 11:55:00-05:00,4.695000171661377,4.699999809265137,4.684999942779541,4.699999809265137,4.699999809265137,13456,0.0,0.0
2023-01-20 12:00:00-05:00,4.699999809265137,4.699999809265137,4.695000171661377,4.699999809265137,4.699999809265137,13093,0.0,0.0
2023-01-20 12:05:00-05:00,4.699999809265137,4.699999809265137,4.690000057220459,4.690000057220459,4.690000057220459,3844,0.0,0.0
2023-01-20 12:10:00-05:00,4.690000057220459,4.699999809265137,4.690000057220459,4.690000057220459,4.690000057220459,6344,0.0,0.0
2023-01-20 12:15:00-05:00,4.699999809265137,4.699999809265137,4.695000171661377,4.699999809265137,4.699999809265137,33169,0.0,0.0
2023-01-20 12:20:00-05:00,4.699999809265137,4.699999809265137,4.695000171661377,4.699999809265137,4.699999809265137,5327,0.0,0.0
2023-01-20 12:25:00-05:00,4.699999809265137,4.71999979019165,4.699999809265137,4.715000152587891,4.715000152587891,8312,0.0,0.0
2023-01-20 12:30:00-05:00,4.715000152587891,4.715000152587891,4.704999923706055,4.704999923706055,4.704999923706055,2855,0.0,0.0
2023-01-20 12:35:00-05:00,4.710000038146973,4.710000038146973,4.695000171661377,4.695000171661377,4.695000171661377,17449,0.0,0.0
2023-01-20 12:40:00-05:00,4.695000171661377,4.699999809265137,4.695000171661377,4.695000171661377,4.695000171661377,993,0.0,0.0
2023-01-20 12:45:00-05:00,4.699999809265137,4.699999809265137,4.699999809265137,4.699999809265137,4.699999809265137,140,0.0,0.0
2023-01-20 12:50:00-05:00,4.699999809265137,4.699999809265137,4.684999942779541,4.699999809265137,4.699999809265137,11329,0.0,0.0
2023-01-20 12:55:00-05:00,4.699999809265137,4.699999809265137,4.690000057220459,4.699999809265137,4.699999809265137,362,0.0,0.0
2023-01-20 13:00:00-05:00,4.695000171661377,4.699999809265137,4.695000171661377,4.699999809265137,4.699999809265137,1216,0.0,0.0
2023-01-20 13:05:00-05:00,4.699999809265137,4.699999809265137,4.699999809265137,4.699999809265137,4.699999809265137,2001,0.0,0.0
2023-01-20 13:10:00-05:00,4.695000171661377,4.699999809265137,4.690000057220459,4.695000171661377,4.695000171661377,9863,0.0,0.0
2023-01-20 13:15:00-05:00,4.695000171661377,4.695000171661377,4.690000057220459,4.695000171661377,4.695000171661377,390,0.0,0.0
2023-01-20 13:20:00-05:00,4.695000171661377,4.699999809265137,4.684999942779541,4.699999809265137,4.699999809265137,6638,0.0,0.0
2023-01-20 13:25:00-05:00,4.699999809265137,4.699999809265137,4.690000057220459,4.699999809265137,4.699999809265137,4713,0.0,0.0
2023-01-20 13:30:00-05:00,4.699999809265137,4.704999923706055,4.699999809265137,4.699999809265137,4.699999809265137,1997,0.0,0.0
2023-01-20 13:35:00-05:00,4.699999809265137,4.710000038146973,4.695000171661377,4.704999923706055,4.704999923706055,22342,0.0,0.0
2023-01-20 13:40:00-05:00,4.704999923706055,4.704999923706055,4.704999923706055,4.704999923706055,4.704999923706055,887,0.0,0.0
2023-01-20 13:45:00-05:00,4.699999809265137,4.699999809265137,4.690000057220459,4.690000057220459,4.690000057220459,9911,0.0,0.0
2023-01-20 13:50:00-05:00,4.684999942779541,4.690000057220459,4.684999942779541,4.684999942779541,4.684999942779541,871,0.0,0.0
2023-01-20 13:55:00-05:00,4.690000057220459,4.690000057220459,4.690000057220459,4.690000057220459,4.690000057220459,275,0.0,0.0
2023-01-20 14:00:00-05:00,4.690000057220459,4.699999809265137,4.690000057220459,4.699999809265137,4.699999809265137,3716,0.0,0.0
2023-01-20 14:05:00-05:00,4.695000171661377,4.699999809265137,4.690000057220459,4.699999809265137,4.699999809265137,2516,0.0,0.0
2023-01-20 14:10:00-05:00,4.699999809265137,4.704999923706055,4.695000171661377,4.699999809265137,4.699999809265137,9523,0.0,0.0
2023-01-20 14:15:00-05:00,4.699999809265137,4.704999923706055,4.699999809265137,4.704999923706055,4.704999923706055,1960,0.0,0.0
2023-01-20 14:20:00-05:00,4.699999809265137,4.710000038146973,4.699999809265137,4.710000038146973,4.710000038146973,2068,0.0,0.0
2023-01-20 14:25:00-05:00,4.710000038146973,4.710000038146973,4.710000038146973,4.710000038146973,4.710000038146973,270,0.0,0.0
2023-01-20 14:30:00-05:00,4.710000038146973,4.710000038146973,4.699999809265137,4.704999923706055,4.704999923706055,12078,0.0,0.0
2023-01-20 14:35:00-05:00,4.704999923706055,4.704999923706055,4.704999923706055,4.704999923706055,4.704999923706055,393,0.0,0.0
2023-01-20 14:40:00-05:00,4.704999923706055,4.704999923706055,4.704999923706055,4.704999923706055,4.704999923706055,1748,0.0,0.0
2023-01-20 14:45:00-05:00,4.704999923706055,4.704999923706055,4.699999809265137,4.704999923706055,4.704999923706055,2705,0.0,0.0
2023-01-20 14:50:00-05:00,4.699999809265137,4.710000038146973,4.695000171661377,4.704999923706055,4.704999923706055,13747,0.0,0.0
2023-01-20 14:55:00-05:00,4.710000038146973,4.71999979019165,4.704999923706055,4.715000152587891,4.715000152587891,17039,0.0,0.0
2023-01-20 15:00:00-05:00,4.715000152587891,4.735000133514404,4.715000152587891,4.735000133514404,4.735000133514404,5704,0.0,0.0
2023-01-20 15:05:00-05:00,4.735000133514404,4.735000133514404,4.730000019073486,4.735000133514404,4.735000133514404,3240,0.0,0.0
2023-01-20 15:10:00-05:00,4.735000133514404,4.75,4.730000019073486,4.75,4.75,10448,0.0,0.0
2023-01-20 15:15:00-05:00,4.75,4.75,4.744999885559082,4.75,4.75,4986,0.0,0.0
2023-01-20 15:20:00-05:00,4.75,4.755000114440918,4.75,4.755000114440918,4.755000114440918,1044,0.0,0.0
2023-01-20 15:25:00-05:00,4.75,4.75,4.739999771118164,4.744999885559082,4.744999885559082,9172,0.0,0.0
2023-01-20 15:30:00-05:00,4.75,4.760000228881836,4.744999885559082,4.755000114440918,4.755000114440918,6717,0.0,0.0
2023-01-20 15:35:00-05:00,4.755000114440918,4.755000114440918,4.750100135803223,4.755000114440918,4.755000114440918,1704,0.0,0.0
2023-01-20 15:40:00-05:00,4.755000114440918,4.760000228881836,4.755000114440918,4.755000114440918,4.755000114440918,2408,0.0,0.0
2023-01-20 15:45:00-05:00,4.755000114440918,4.755000114440918,4.730000019073486,4.730000019073486,4.730000019073486,37582,0.0,0.0
2023-01-20 15:50:00-05:00,4.735000133514404,4.75,4.724999904632568,4.735000133514404,4.735000133514404,34551,0.0,0.0
2023-01-20 15:55:00-05:00,4.735000133514404,4.75,4.730000019073486,4.744999885559082,4.744999885559082,51991,0.0,0.0
2023-01-23 09:30:00-05:00,4.730000019073486,4.789999961853027,4.679999828338623,4.78000020980835,4.78000020980835,6976,0.0,0.0
2023-01-23 09:35:00-05:00,4.690000057220459,4.710000038146973,4.679999828338623,4.710000038146973,4.710000038146973,1812,0.0,0.0
2023-01-23 09:40:00-05:00,4.699999809265137,4.720099925994873,4.690000057220459,4.710000038146973,4.710000038146973,4727,0.0,0.0
2023-01-23 09:45:00-05:00,4.690000057220459,4.704999923706055,4.690000057220459,4.704999923706055,4.704999923706055,899,0.0,0.0
2023-01-23 09:50:00-05:00,4.699999809265137,4.704999923706055,4.684999942779541,4.684999942779541,4.684999942779541,6137,0.0,0.0
2023-01-23 09:55:00-05:00,4.684999942779541,4.71999979019165,4.675000190734863,4.699999809265137,4.699999809265137,10605,0.0,0.0
2023-01-23 10:00:00-05:00,4.699999809265137,4.704999923706055,4.699999809265137,4.704999923706055,4.704999923706055,1485,0.0,0.0
2023-01-23 10:05:00-05:00,4.704999923706055,4.715000152587891,4.704699993133545,4.710000038146973,4.710000038146973,8700,0.0,0.0
2023-01-23 10:10:00-05:00,4.704999923706055,4.730000019073486,4.704999923706055,4.724999904632568,4.724999904632568,9411,0.0,0.0
2023-01-23 10:15:00-05:00,4.730000019073486,4.730000019073486,4.715000152587891,4.71999979019165,4.71999979019165,6696,0.0,0.0
2023-01-23 10:20:00-05:00,4.724999904632568,4.739999771118164,4.71999979019165,4.735000133514404,4.735000133514404,18408,0.0,0.0
2023-01-23 10:25:00-05:00,4.735000133514404,4.735000133514404,4.704999923706055,4.704999923706055,4.704999923706055,5773,0.0,0.0
2023-01-23 10:30:00-05:00,4.704999923706055,4.704999923706055,4.695000171661377,4.704999923706055,4.704999923706055,4306,0.0,0.0
2023-01-23 10:35:00-05:00,4.704999923706055,4.704999923706055,4.699999809265137,4.704999923706055,4.704999923706055,1607,0.0,0.0
2023-01-23 10:40:00-05:00,4.704999923706055,4.704999923706055,4.670000076293945,4.699999809265137,4.699999809265137,26171,0.0,0.0
2023-01-23 10:45:00-05:00,4.704999923706055,4.704999923706055,4.70419979095459,4.704999923706055,4.704999923706055,3992,0.0,0.0
2023-01-23 10:50:00-05:00,4.704999923706055,4.710000038146973,4.684999942779541,4.684999942779541,4.684999942779541,5233,0.0,0.0
2023-01-23 10:55:00-05:00,4.684999942779541,4.699999809265137,4.679999828338623,4.699999809265137,4.699999809265137,19364,0.0,0.0
2023-01-23 11:00:00-05:00,4.695000171661377,4.699999809265137,4.690000057220459,4.695000171661377,4.695000171661377,1791,0.0,0.0
2023-01-23 11:05:00-05:00,4.695000171661377,4.699999809265137,4.690000057220459,4.695000171661377,4.695000171661377,2448,0.0,0.0
2023-01-23 11:10:00-05:00,4.699999809265137,4.699999809265137,4.695000171661377,4.696300029754639,4.696300029754639,3238,0.0,0.0
2023-01-23 11:15:00-05:00,4.695000171661377,4.695000171661377,4.695000171661377,4.695000171661377,4.695000171661377,1587,0.0,0.0
2023-01-23 11:20:00-05:00,4.695000171661377,4.704999923706055,4.684999942779541,4.684999942779541,4.684999942779541,13025,0.0,0.0
2023-01-23 11:25:00-05:00,4.684999942779541,4.690000057220459,4.675000190734863,4.684999942779541,4.684999942779541,20503,0.0,0.0
2023-01-23 11:30:00-05:00,4.684999942779541,4.690000057220459,4.679999828338623,4.679999828338623,4.679999828338623,6440,0.0,0.0
2023-01-23 11:35:00-05:00,4.684999942779541,4.684999942779541,4.684999942779541,4.684999942779541,4.684999942779541,2568,0.0,0.0
2023-01-23 11:40:00-05:00,4.684999942779541,4.684999942779541,4.684999942779541,4.684999942779541,4.684999942779541,1652,0.0,0.0
2023-01-23 11:45:00-05:00,4.684999942779541,4.690000057220459,4.679999828338623,4.684999942779541,4.684999942779541,2462,0.0,0.0
2023-01-23 11:50:00-05:00,4.684999942779541,4.684999942779541,4.679999828338623,4.679999828338623,4.679999828338623,2617,0.0,0.0
2023-01-23 11:55:00-05:00,4.684999942779541,4.690000057220459,4.684999942779541,4.684999942779541,4.684999942779541,3978,0.0,0.0
2023-01-23 12:00:00-05:00,4.684999942779541,4.699999809265137,4.684999942779541,4.699999809265137,4.699999809265137,4565,0.0,0.0
2023-01-23 12:05:00-05:00,4.695000171661377,4.699999809265137,4.684999942779541,4.684999942779541,4.684999942779541,4968,0.0,0.0
2023-01-23 12:10:00-05:00,4.684999942779541,4.690000057220459,4.681099891662598,4.684999942779541,4.684999942779541,2753,0.0,0.0
2023-01-23 12:15:00-05:00,4.684999942779541,4.690000057220459,4.68149995803833,4.68149995803833,4.68149995803833,2216,0.0,0.0
2023-01-23 12:20:00-05:00,4.684999942779541,4.684999942779541,4.679999828338623,4.684999942779541,4.684999942779541,805,0.0,0.0
2023-01-23 12:25:00-05:00,4.684999942779541,4.684999942779541,4.684999942779541,4.684999942779541,4.684999942779541,804,0.0,0.0
2023-01-23 12:30:00-05:00,4.684999942779541,4.684999942779541,4.679999828338623,4.684999942779541,4.684999942779541,649,0.0,0.0
2023-01-23 12:35:00-05:00,4.684999942779541,4.684999942779541,4.684999942779541,4.684999942779541,4.684999942779541,1141,0.0,0.0
2023-01-23 12:40:00-05:00,4.684999942779541,4.684999942779541,4.679999828338623,4.684999942779541,4.684999942779541,810,0.0,0.0
2023-01-23 12:45:00-05:00,4.684999942779541,4.6875,4.684999942779541,4.684999942779541,4.684999942779541,1718,0.0,0.0
2023-01-23 12:50:00-05:00,4.684999942779541,4.690000057220459,4.679999828338623,4.684999942779541,4.684999942779541,5155,0.0,0.0
2023-01-23 12:55:00-05:00,4.684999942779541,4.684999942779541,4.683499813079834,4.684999942779541,4.684999942779541,866,0.0,0.0
2023-01-23 13:00:00-05:00,4.684999942779541,4.699999809265137,4.684999942779541,4.699999809265137,4.699999809265137,2440,0.0,0.0
2023-01-23 13:05:00-05:00,4.695000171661377,4.695000171661377,4.695000171661377,4.695000171661377,4.695000171661377,230,0.0,0.0
2023-01-23 13:10:00-05:00,4.695000171661377,4.699999809265137,4.695000171661377,4.699999809265137,4.699999809265137,1233,0.0,0.0
2023-01-23 13:15:00-05:00,4.695000171661377,4.695000171661377,4.690000057220459,4.690000057220459,4.690000057220459,1375,0.0,0.0
2023-01-23 13:20:00-05:00,4.699999809265137,4.704999923706055,4.695000171661377,4.695000171661377,4.695000171661377,6938,0.0,0.0
2023-01-23 13:25:00-05:00,4.690000057220459,4.699999809265137,4.684999942779541,4.699999809265137,4.699999809265137,11693,0.0,0.0
2023-01-23 13:30:00-05:00,4.704999923706055,4.75,4.704999923706055,4.744999885559082,4.744999885559082,24612,0.0,0.0
2023-01-23 13:35:00-05:00,4.744999885559082,4.744999885559082,4.730000019073486,4.735000133514404,4.735000133514404,9868,0.0,0.0
2023-01-23 13:40:00-05:00,4.735000133514404,4.735000133514404,4.730000019073486,4.735000133514404,4.735000133514404,2769,0.0,0.0
2023-01-23 13:45:00-05:00,4.735000133514404,4.735000133514404,4.735000133514404,4.735000133514404,4.735000133514404,1100,0.0,0.0
2023-01-23 13:50:00-05:00,4.735000133514404,4.735000133514404,4.724999904632568,4.729000091552734,4.729000091552734,13324,0.0,0.0
2023-01-23 13:55:00-05:00,4.724999904632568,4.730000019073486,4.724999904632568,4.724999904632568,4.724999904632568,2820,0.0,0.0
2023-01-23 14:00:00-05:00,4.724999904632568,4.724999904632568,4.710000038146973,4.715000152587891,4.715000152587891,3686,0.0,0.0
2023-01-23 14:05:00-05:00,4.715000152587891,4.715000152587891,4.704999923706055,4.710000038146973,4.710000038146973,7583,0.0,0.0
2023-01-23 14:10:00-05:00,4.710000038146973,4.715000152587891,4.710000038146973,4.715000152587891,4.715000152587891,3951,0.0,0.0
2023-01-23 14:15:00-05:00,4.715000152587891,4.715000152587891,4.715000152587891,4.715000152587891,4.715000152587891,677,0.0,0.0
2023-01-23 14:20:00-05:00,4.719900131225586,4.71999979019165,4.710100173950195,4.71999979019165,4.71999979019165,7718,0.0,0.0
2023-01-23 14:25:00-05:00,4.715000152587891,4.71999979019165,4.710000038146973,4.71999979019165,4.71999979019165,735,0.0,0.0
2023-01-23 14:30:00-05:00,4.715000152587891,4.71999979019165,4.710000038146973,4.715000152587891,4.715000152587891,1585,0.0,0.0
2023-01-23 14:35:00-05:00,4.715000152587891,4.71999979019165,4.699999809265137,4.699999809265137,4.699999809265137,6301,0.0,0.0
2023-01-23 14:45:00-05:00,4.704999923706055,4.704999923706055,4.690000057220459,4.690000057220459,4.690000057220459,2912,0.0,0.0
2023-01-23 14:50:00-05:00,4.690000057220459,4.695000171661377,4.690000057220459,4.690000057220459,4.690000057220459,5839,0.0,0.0
2023-01-23 14:55:00-05:00,4.690000057220459,4.695000171661377,4.679999828338623,4.695000171661377,4.695000171661377,7135,0.0,0.0
2023-01-23 15:00:00-05:00,4.695000171661377,4.695000171661377,4.690000057220459,4.695000171661377,4.695000171661377,782,0.0,0.0
2023-01-23 15:05:00-05:00,4.695000171661377,4.695000171661377,4.695000171661377,4.695000171661377,4.695000171661377,1395,0.0,0.0
2023-01-23 15:10:00-05:00,4.695000171661377,4.704999923706055,4.690000057220459,4.695000171661377,4.695000171661377,10277,0.0,0.0
2023-01-23 15:15:00-05:00,4.699999809265137,4.710000038146973,4.690000057220459,4.710000038146973,4.710000038146973,31696,0.0,0.0
2023-01-23 15:20:00-05:00,4.710000038146973,4.71999979019165,4.710000038146973,4.71999979019165,4.71999979019165,10660,0.0,0.0
2023-01-23 15:25:00-05:00,4.71999979019165,4.769999980926514,4.715000152587891,4.769999980926514,4.769999980926514,44756,0.0,0.0
2023-01-23 15:30:00-05:00,4.764999866485596,4.78000020980835,4.755000114440918,4.764999866485596,4.764999866485596,26421,0.0,0.0
2023-01-23 15:35:00-05:00,4.764999866485596,4.764999866485596,4.760000228881836,4.760000228881836,4.760000228881836,24717,0.0,0.0
2023-01-23 15:40:00-05:00,4.760000228881836,4.764999866485596,4.755000114440918,4.764999866485596,4.764999866485596,6788,0.0,0.0
2023-01-23 15:45:00-05:00,4.769999980926514,4.775000095367432,4.744999885559082,4.744999885559082,4.744999885559082,38726,0.0,0.0
2023-01-23 15:50:00-05:00,4.75,4.755000114440918,4.739999771118164,4.739999771118164,4.739999771118164,21223,0.0,0.0
2023-01-23 15:55:00-05:00,4.744999885559082,4.75,4.739999771118164,4.744999885559082,4.744999885559082,37382,0.0,0.0
2023-01-24 09:30:00-05:00,4.75,4.822999954223633,4.75,4.822999954223633,4.822999954223633,10923,0.0,0.0
2023-01-24 09:35:00-05:00,4.829999923706055,4.832699775695801,4.781000137329102,4.793099880218506,4.793099880218506,4461,0.0,0.0
2023-01-24 09:40:00-05:00,4.800000190734863,4.809999942779541,4.755000114440918,4.760000228881836,4.760000228881836,5659,0.0,0.0
2023-01-24 09:45:00-05:00,4.760000228881836,4.769999980926514,4.760000228881836,4.769000053405762,4.769000053405762,5262,0.0,0.0
2023-01-24 09:50:00-05:00,4.764999866485596,4.764999866485596,4.739999771118164,4.755000114440918,4.755000114440918,3441,0.0,0.0
2023-01-24 09:55:00-05:00,4.755000114440918,4.755000114440918,4.744999885559082,4.75,4.75,4778,0.0,0.0
2023-01-24 10:00:00-05:00,4.739999771118164,4.75,4.739999771118164,4.75,4.75,5752,0.0,0.0
2023-01-24 10:05:00-05:00,4.739999771118164,4.75,4.738999843597412,4.75,4.75,2154,0.0,0.0
2023-01-24 10:10:00-05:00,4.744999885559082,4.760000228881836,4.739999771118164,4.755000114440918,4.755000114440918,10314,0.0,0.0
2023-01-24 10:15:00-05:00,4.755000114440918,4.760000228881836,4.743599891662598,4.743599891662598,4.743599891662598,3888,0.0,0.0
2023-01-24 10:20:00-05:00,4.75,4.75,4.735000133514404,4.735000133514404,4.735000133514404,4493,0.0,0.0
2023-01-24 10:25:00-05:00,4.739999771118164,4.744999885559082,4.739999771118164,4.744999885559082,4.744999885559082,970,0.0,0.0
2023-01-24 10:30:00-05:00,4.75,4.75,4.749899864196777,4.749899864196777,4.749899864196777,2441,0.0,0.0
2023-01-24 10:35:00-05:00,4.739999771118164,4.755000114440918,4.739999771118164,4.739999771118164,4.739999771118164,6499,0.0,0.0
2023-01-24 10:40:00-05:00,4.735000133514404,4.739999771118164,4.735000133514404,4.735000133514404,4.735000133514404,1167,0.0,0.0
2023-01-24 10:45:00-05:00,4.739999771118164,4.744999885559082,4.724999904632568,4.724999904632568,4.724999904632568,2428,0.0,0.0
2023-01-24 10:50:00-05:00,4.730000019073486,4.739999771118164,4.730000019073486,4.739999771118164,4.739999771118164,1445,0.0,0.0
2023-01-24 10:55:00-05:00,4.75,4.75,4.739999771118164,4.744999885559082,4.744999885559082,5003,0.0,0.0
2023-01-24 11:00:00-05:00,4.749899864196777,4.75,4.744999885559082,4.75,4.75,1316,0.0,0.0
2023-01-24 11:05:00-05:00,4.75,4.760000228881836,4.744999885559082,4.760000228881836,4.760000228881836,4214,0.0,0.0
2023-01-24 11:10:00-05:00,4.755000114440918,4.772500038146973,4.755000114440918,4.769999980926514,4.769999980926514,13231,0.0,0.0
2023-01-24 11:15:00-05:00,4.760000228881836,4.760000228881836,4.755000114440918,4.755000114440918,4.755000114440918,3542,0.0,0.0
2023-01-24 11:20:00-05:00,4.760000228881836,4.764999866485596,4.760000228881836,4.764999866485596,4.764999866485596,1848,0.0,0.0
2023-01-24 11:25:00-05:00,4.769999980926514,4.775000095367432,4.755000114440918,4.755000114440918,4.755000114440918,4894,0.0,0.0
2023-01-24 11:30:00-05:00,4.75,4.755000114440918,4.744999885559082,4.755000114440918,4.755000114440918,3768,0.0,0.0
2023-01-24 11:35:00-05:00,4.760000228881836,4.764999866485596,4.760000228881836,4.760000228881836,4.760000228881836,4466,0.0,0.0
2023-01-24 11:40:00-05:00,4.764999866485596,4.764999866485596,4.760000228881836,4.760000228881836,4.760000228881836,1116,0.0,0.0
2023-01-24 11:45:00-05:00,4.760000228881836,4.760000228881836,4.75,4.755000114440918,4.755000114440918,4879,0.0,0.0
2023-01-24 11:50:00-05:00,4.755000114440918,4.760000228881836,4.751999855041504,4.755000114440918,4.755000114440918,2132,0.0,0.0
2023-01-24 11:55:00-05:00,4.760000228881836,4.760000228881836,4.755000114440918,4.755000114440918,4.755000114440918,559,0.0,0.0
2023-01-24 12:00:00-05:00,4.760000228881836,4.760000228881836,4.75,4.75,4.75,3323,0.0,0.0
2023-01-24 12:05:00-05:00,4.75,4.760000228881836,4.744999885559082,4.755000114440918,4.755000114440918,4857,0.0,0.0
2023-01-24 12:10:00-05:00,4.755000114440918,4.760000228881836,4.755000114440918,4.760000228881836,4.760000228881836,809,0.0,0.0
2023-01-24 12:15:00-05:00,4.755000114440918,4.760000228881836,4.755000114440918,4.760000228881836,4.760000228881836,2691,0.0,0.0
2023-01-24 12:20:00-05:00,4.760000228881836,4.760000228881836,4.75,4.755000114440918,4.755000114440918,4809,0.0,0.0
2023-01-24 12:25:00-05:00,4.755000114440918,4.760000228881836,4.75,4.755000114440918,4.755000114440918,9683,0.0,0.0
2023-01-24 12:30:00-05:00,4.755000114440918,4.760000228881836,4.75,4.75,4.75,711,0.0,0.0
2023-01-24 12:35:00-05:00,4.755000114440918,4.760000228881836,4.75,4.755000114440918,4.755000114440918,721,0.0,0.0
2023-01-24 12:40:00-05:00,4.755000114440918,4.755000114440918,4.744999885559082,4.75,4.75,12963,0.0,0.0
2023-01-24 12:45:00-05:00,4.75,4.755000114440918,4.75,4.755000114440918,4.755000114440918,550,0.0,0.0
2023-01-24 12:50:00-05:00,4.760000228881836,4.760000228881836,4.755000114440918,4.760000228881836,4.760000228881836,7510,0.0,0.0
2023-01-24 12:55:00-05:00,4.760000228881836,4.760000228881836,4.755000114440918,4.755000114440918,4.755000114440918,2524,0.0,0.0
2023-01-24 13:00:00-05:00,4.760000228881836,4.760000228881836,4.75,4.75,4.75,4786,0.0,0.0
2023-01-24 13:05:00-05:00,4.75,4.755000114440918,4.75,4.755000114440918,4.755000114440918,2285,0.0,0.0
2023-01-24 13:10:00-05:00,4.760000228881836,4.760000228881836,4.755000114440918,4.760000228881836,4.760000228881836,1228,0.0,0.0
2023-01-24 13:15:00-05:00,4.760000228881836,4.760000228881836,4.755000114440918,4.755000114440918,4.755000114440918,2491,0.0,0.0
2023-01-24 13:20:00-05:00,4.755000114440918,4.755000114440918,4.75,4.75,4.75,2550,0.0,0.0
2023-01-24 13:25:00-05:00,4.755000114440918,4.760000228881836,4.755000114440918,4.755000114440918,4.755000114440918,2067,0.0,0.0
2023-01-24 13:30:00-05:00,4.760000228881836,4.760000228881836,4.75,4.751299858093262,4.751299858093262,7182,0.0,0.0
2023-01-24 13:35:00-05:00,4.755000114440918,4.760000228881836,4.75,4.755000114440918,4.755000114440918,1364,0.0,0.0
2023-01-24 13:40:00-05:00,4.755000114440918,4.764999866485596,4.755000114440918,4.755000114440918,4.755000114440918,7451,0.0,0.0
2023-01-24 13:45:00-05:00,4.757999897003174,4.760000228881836,4.755000114440918,4.760000228881836,4.760000228881836,731,0.0,0.0
2023-01-24 13:50:00-05:00,4.760000228881836,4.760000228881836,4.755000114440918,4.755000114440918,4.755000114440918,4144,0.0,0.0
2023-01-24 13:55:00-05:00,4.760000228881836,4.760000228881836,4.755000114440918,4.760000228881836,4.760000228881836,1442,0.0,0.0
2023-01-24 14:00:00-05:00,4.760000228881836,4.760000228881836,4.744999885559082,4.744999885559082,4.744999885559082,9040,0.0,0.0
2023-01-24 14:05:00-05:00,4.75,4.75,4.744999885559082,4.75,4.75,4140,0.0,0.0
2023-01-24 14:10:00-05:00,4.744999885559082,4.75,4.744999885559082,4.75,4.75,910,0.0,0.0
2023-01-24 14:15:00-05:00,4.744999885559082,4.75,4.744999885559082,4.75,4.75,1728,0.0,0.0
2023-01-24 14:20:00-05:00,4.75,4.75,4.744999885559082,4.75,4.75,1558,0.0,0.0
2023-01-24 14:25:00-05:00,4.75,4.789999961853027,4.75,4.789999961853027,4.789999961853027,16873,0.0,0.0
2023-01-24 14:30:00-05:00,4.795000076293945,4.835000038146973,4.795000076293945,4.811200141906738,4.811200141906738,28026,0.0,0.0
2023-01-24 14:35:00-05:00,4.815000057220459,4.815000057220459,4.800000190734863,4.809999942779541,4.809999942779541,10533,0.0,0.0
2023-01-24 14:40:00-05:00,4.809999942779541,4.815000057220459,4.800000190734863,4.804999828338623,4.804999828338623,9097,0.0,0.0
2023-01-24 14:45:00-05:00,4.809999942779541,4.815000057220459,4.804999828338623,4.809999942779541,4.809999942779541,8000,0.0,0.0
2023-01-24 14:50:00-05:00,4.809999942779541,4.809999942779541,4.809999942779541,4.809999942779541,4.809999942779541,3144,0.0,0.0
2023-01-24 14:55:00-05:00,4.809999942779541,4.820000171661377,4.800000190734863,4.820000171661377,4.820000171661377,13675,0.0,0.0
2023-01-24 15:00:00-05:00,4.820000171661377,4.820000171661377,4.809999942779541,4.815000057220459,4.815000057220459,15368,0.0,0.0
2023-01-24 15:05:00-05:00,4.815000057220459,4.815000057220459,4.804999828338623,4.804999828338623,4.804999828338623,9160,0.0,0.0
2023-01-24 15:10:00-05:00,4.804999828338623,4.809999942779541,4.795000076293945,4.809999942779541,4.809999942779541,10517,0.0,0.0
2023-01-24 15:15:00-05:00,4.809999942779541,4.809999942779541,4.800000190734863,4.809999942779541,4.809999942779541,4346,0.0,0.0
2023-01-24 15:20:00-05:00,4.800000190734863,4.809999942779541,4.800000190734863,4.809999942779541,4.809999942779541,2172,0.0,0.0
2023-01-24 15:25:00-05:00,4.809999942779541,4.829999923706055,4.800000190734863,4.824999809265137,4.824999809265137,26084,0.0,0.0
2023-01-24 15:30:00-05:00,4.824999809265137,4.829999923706055,4.800000190734863,4.800000190734863,4.800000190734863,39169,0.0,0.0
2023-01-24 15:35:00-05:00,4.800000190734863,4.804999828338623,4.800000190734863,4.804999828338623,4.804999828338623,2429,0.0,0.0
2023-01-24 15:40:00-05:00,4.804999828338623,4.809999942779541,4.789999961853027,4.789999961853027,4.789999961853027,18721,0.0,0.0
2023-01-24 15:45:00-05:00,4.789999961853027,4.789999961853027,4.78000020980835,4.784999847412109,4.784999847412109,15964,0.0,0.0
2023-01-24 15:50:00-05:00,4.789999961853027,4.819900035858154,4.789999961853027,4.804999828338623,4.804999828338623,42882,0.0,0.0
2023-01-24 15:55:00-05:00,4.804999828338623,4.824999809265137,4.804999828338623,4.809999942779541,4.809999942779541,43936,0.0,0.0
2023-01-25 09:30:00-05:00,4.789999961853027,4.789999961853027,4.739999771118164,4.739999771118164,4.739999771118164,2535,0.0,0.0
2023-01-25 09:35:00-05:00,4.769999980926514,4.78000020980835,4.75,4.78000020980835,4.78000020980835,5735,0.0,0.0
2023-01-25 09:40:00-05:00,4.769999980926514,4.78000020980835,4.760000228881836,4.760000228881836,4.760000228881836,5982,0.0,0.0
2023-01-25 09:45:00-05:00,4.75,4.760000228881836,4.739999771118164,4.744200229644775,4.744200229644775,9997,0.0,0.0
2023-01-25 09:50:00-05:00,4.730000019073486,4.730000019073486,4.730000019073486,4.730000019073486,4.730000019073486,806,0.0,0.0
2023-01-25 09:55:00-05:00,4.730000019073486,4.730000019073486,4.699999809265137,4.699999809265137,4.699999809265137,7779,0.0,0.0
2023-01-25 10:00:00-05:00,4.699999809265137,4.699999809265137,4.699900150299072,4.699900150299072,4.699900150299072,1218,0.0,0.0
2023-01-25 10:05:00-05:00,4.710000038146973,4.715000152587891,4.710000038146973,4.715000152587891,4.715000152587891,687,0.0,0.0
2023-01-25 10:10:00-05:00,4.715000152587891,4.735000133514404,4.710000038146973,4.715000152587891,4.715000152587891,3784,0.0,0.0
2023-01-25 10:15:00-05:00,4.704999923706055,4.704999923706055,4.679999828338623,4.689899921417236,4.689899921417236,1558,0.0,0.0
2023-01-25 10:20:00-05:00,4.679999828338623,4.679999828338623,4.670000076293945,4.670000076293945,4.670000076293945,718,0.0,0.0
2023-01-25 10:25:00-05:00,4.675000190734863,4.679999828338623,4.670000076293945,4.679999828338623,4.679999828338623,4688,0.0,0.0
2023-01-25 10:30:00-05:00,4.675000190734863,4.679999828338623,4.639999866485596,4.650000095367432,4.650000095367432,11638,0.0,0.0
2023-01-25 10:35:00-05:00,4.639999866485596,4.647299766540527,4.639999866485596,4.644999980926514,4.644999980926514,3535,0.0,0.0
2023-01-25 10:40:00-05:00,4.650000095367432,4.670000076293945,4.650000095367432,4.664999961853027,4.664999961853027,6375,0.0,0.0
2023-01-25 10:45:00-05:00,4.664999961853027,4.670000076293945,4.619999885559082,4.630000114440918,4.630000114440918,50734,0.0,0.0
2023-01-25 10:50:00-05:00,4.635000228881836,4.650000095367432,4.619999885559082,4.619999885559082,4.619999885559082,35744,0.0,0.0
2023-01-25 10:55:00-05:00,4.619999885559082,4.630000114440918,4.599999904632568,4.599999904632568,4.599999904632568,26737,0.0,0.0
2023-01-25 11:00:00-05:00,4.599999904632568,4.605000019073486,4.59119987487793,4.59499979019165,4.59499979019165,9365,0.0,0.0
2023-01-25 11:05:00-05:00,4.59499979019165,4.59499979019165,4.579999923706055,4.59499979019165,4.59499979019165,4578,0.0,0.0
2023-01-25 11:10:00-05:00,4.59499979019165,4.59499979019165,4.59499979019165,4.59499979019165,4.59499979019165,500,0.0,0.0
2023-01-25 11:15:00-05:00,4.59499979019165,4.630000114440918,4.59499979019165,4.630000114440918,4.630000114440918,10803,0.0,0.0
2023-01-25 11:20:00-05:00,4.630000114440918,4.650000095367432,4.610000133514404,4.610000133514404,4.610000133514404,9706,0.0,0.0
2023-01-25 11:25:00-05:00,4.605000019073486,4.619999885559082,4.605000019073486,4.610000133514404,4.610000133514404,8290,0.0,0.0
2023-01-25 11:30:00-05:00,4.610000133514404,4.610000133514404,4.599999904632568,4.600100040435791,4.600100040435791,5743,0.0,0.0
2023-01-25 11:35:00-05:00,4.59499979019165,4.59499979019165,4.593999862670898,4.593999862670898,4.593999862670898,1351,0.0,0.0
2023-01-25 11:40:00-05:00,4.599999904632568,4.599999904632568,4.579999923706055,4.581900119781494,4.581900119781494,6741,0.0,0.0
2023-01-25 11:45:00-05:00,4.585000038146973,4.585000038146973,4.579999923706055,4.579999923706055,4.579999923706055,6889,0.0,0.0
2023-01-25 11:50:00-05:00,4.585000038146973,4.585000038146973,4.582499980926514,4.585000038146973,4.585000038146973,2230,0.0,0.0
2023-01-25 11:55:00-05:00,4.585000038146973,4.588600158691406,4.579999923706055,4.579999923706055,4.579999923706055,1498,0.0,0.0
2023-01-25 12:00:00-05:00,4.579999923706055,4.610000133514404,4.570000171661377,4.610000133514404,4.610000133514404,15460,0.0,0.0
2023-01-25 12:05:00-05:00,4.610000133514404,4.610000133514404,4.599999904632568,4.599999904632568,4.599999904632568,5405,0.0,0.0
2023-01-25 12:10:00-05:00,4.596499919891357,4.596499919891357,4.574999809265137,4.579899787902832,4.579899787902832,5620,0.0,0.0
2023-01-25 12:15:00-05:00,4.579999923706055,4.579999923706055,4.560100078582764,4.565000057220459,4.565000057220459,10574,0.0,0.0
2023-01-25 12:20:00-05:00,4.559999942779541,4.565000057220459,4.550000190734863,4.554999828338623,4.554999828338623,8548,0.0,0.0
2023-01-25 12:25:00-05:00,4.554999828338623,4.554999828338623,4.554999828338623,4.554999828338623,4.554999828338623,814,0.0,0.0
2023-01-25 12:30:00-05:00,4.554999828338623,4.554999828338623,4.53000020980835,4.53000020980835,4.53000020980835,7229,0.0,0.0
2023-01-25 12:35:00-05:00,4.534999847412109,4.539999961853027,4.530799865722656,4.530799865722656,4.530799865722656,8375,0.0,0.0
2023-01-25 12:40:00-05:00,4.525000095367432,4.526500225067139,4.511300086975098,4.511300086975098,4.511300086975098,5002,0.0,0.0
2023-01-25 12:50:00-05:00,4.519899845123291,4.519999980926514,4.514999866485596,4.514999866485596,4.514999866485596,4228,0.0,0.0
2023-01-25 12:55:00-05:00,4.514999866485596,4.51639986038208,4.514999866485596,4.514999866485596,4.514999866485596,1082,0.0,0.0
2023-01-25 13:00:00-05:00,4.519999980926514,4.559999942779541,4.519000053405762,4.554999828338623,4.554999828338623,21500,0.0,0.0
2023-01-25 13:05:00-05:00,4.559999942779541,4.570000171661377,4.554999828338623,4.559999942779541,4.559999942779541,4120,0.0,0.0
2023-01-25 13:10:00-05:00,4.559999942779541,4.565000057220459,4.559999942779541,4.565000057220459,4.565000057220459,5265,0.0,0.0
2023-01-25 13:15:00-05:00,4.559999942779541,4.565000057220459,4.550099849700928,4.559999942779541,4.559999942779541,3585,0.0,0.0
2023-01-25 13:20:00-05:00,4.558499813079834,4.565000057220459,4.558499813079834,4.565000057220459,4.565000057220459,3968,0.0,0.0
2023-01-25 13:25:00-05:00,4.570000171661377,4.574999809265137,4.559999942779541,4.559999942779541,4.559999942779541,8258,0.0,0.0
2023-01-25 13:30:00-05:00,4.565000057220459,4.565000057220459,4.550000190734863,4.550000190734863,4.550000190734863,2060,0.0,0.0
2023-01-25 13:35:00-05:00,4.539999961853027,4.574999809265137,4.539999961853027,4.559999942779541,4.559999942779541,38146,0.0,0.0
2023-01-25 13:40:00-05:00,4.570000171661377,4.619999885559082,4.570000171661377,4.619999885559082,4.619999885559082,19291,0.0,0.0
2023-01-25 13:45:00-05:00,4.614999771118164,4.625,4.610000133514404,4.619999885559082,4.619999885559082,20305,0.0,0.0
2023-01-25 13:50:00-05:00,4.619999885559082,4.630000114440918,4.605000019073486,4.625,4.625,33130,0.0,0.0
2023-01-25 13:55:00-05:00,4.625,4.635000228881836,4.610000133514404,4.619999885559082,4.619999885559082,13524,0.0,0.0
2023-01-25 14:00:00-05:00,4.619999885559082,4.630000114440918,4.614999771118164,4.630000114440918,4.630000114440918,6946,0.0,0.0
2023-01-25 14:05:00-05:00,4.635000228881836,4.659999847412109,4.635000228881836,4.644999980926514,4.644999980926514,22295,0.0,0.0
2023-01-25 14:10:00-05:00,4.650000095367432,4.65500020980835,4.639999866485596,4.639999866485596,4.639999866485596,2929,0.0,0.0
2023-01-25 14:15:00-05:00,4.639999866485596,4.647500038146973,4.635000228881836,4.635000228881836,4.635000228881836,5290,0.0,0.0
2023-01-25 14:20:00-05:00,4.635000228881836,4.635000228881836,4.630000114440918,4.630000114440918,4.630000114440918,1169,0.0,0.0
2023-01-25 14:25:00-05:00,4.629899978637695,4.629899978637695,4.612500190734863,4.625,4.625,3307,0.0,0.0
2023-01-25 14:30:00-05:00,4.625,4.639999866485596,4.619999885559082,4.619999885559082,4.619999885559082,9648,0.0,0.0
2023-01-25 14:35:00-05:00,4.625,4.630000114440918,4.612500190734863,4.619999885559082,4.619999885559082,3536,0.0,0.0
2023-01-25 14:40:00-05:00,4.619999885559082,4.630000114440918,4.619999885559082,4.619999885559082,4.619999885559082,1406,0.0,0.0
2023-01-25 14:45:00-05:00,4.619999885559082,4.619999885559082,4.619999885559082,4.619999885559082,4.619999885559082,576,0.0,0.0
2023-01-25 14:50:00-05:00,4.619999885559082,4.630000114440918,4.614999771118164,4.630000114440918,4.630000114440918,15002,0.0,0.0
2023-01-25 14:55:00-05:00,4.630000114440918,4.650000095367432,4.630000114440918,4.650000095367432,4.650000095367432,14389,0.0,0.0
2023-01-25 15:00:00-05:00,4.644999980926514,4.659999847412109,4.644999980926514,4.65500020980835,4.65500020980835,3760,0.0,0.0
2023-01-25 15:05:00-05:00,4.659999847412109,4.664999961853027,4.659999847412109,4.659999847412109,4.659999847412109,5793,0.0,0.0
2023-01-25 15:10:00-05:00,4.65500020980835,4.659999847412109,4.65500020980835,4.659999847412109,4.659999847412109,1304,0.0,0.0
2023-01-25 15:15:00-05:00,4.65500020980835,4.659999847412109,4.65500020980835,4.659999847412109,4.659999847412109,1024,0.0,0.0
2023-01-25 15:20:00-05:00,4.65500020980835,4.65500020980835,4.639999866485596,4.639999866485596,4.639999866485596,6843,0.0,0.0
2023-01-25 15:25:00-05:00,4.644999980926514,4.650000095367432,4.644999980926514,4.650000095367432,4.650000095367432,9050,0.0,0.0
2023-01-25 15:30:00-05:00,4.644999980926514,4.650000095367432,4.644999980926514,4.644999980926514,4.644999980926514,4202,0.0,0.0
2023-01-25 15:35:00-05:00,4.639999866485596,4.650000095367432,4.630000114440918,4.650000095367432,4.650000095367432,30144,0.0,0.0
2023-01-25 15:40:00-05:00,4.650000095367432,4.650000095367432,4.639999866485596,4.639999866485596,4.639999866485596,16849,0.0,0.0
2023-01-25 15:45:00-05:00,4.635000228881836,4.639999866485596,4.630000114440918,4.639999866485596,4.639999866485596,10955,0.0,0.0
2023-01-25 15:50:00-05:00,4.639999866485596,4.639999866485596,4.630000114440918,4.630000114440918,4.630000114440918,19806,0.0,0.0
2023-01-25 15:55:00-05:00,4.63100004196167,4.650000095367432,4.630000114440918,4.639999866485596,4.639999866485596,33778,0.0,0.0
2023-01-26 09:30:00-05:00,4.659999847412109,4.690000057220459,4.610000133514404,4.670000076293945,4.670000076293945,6815,0.0,0.0
2023-01-26 09:35:00-05:00,4.639999866485596,4.639999866485596,4.605000019073486,4.619999885559082,4.619999885559082,8323,0.0,0.0
2023-01-26 09:40:00-05:00,4.619999885559082,4.630000114440918,4.610000133514404,4.619999885559082,4.619999885559082,6098,0.0,0.0
2023-01-26 09:45:00-05:00,4.619999885559082,4.644999980926514,4.619999885559082,4.644999980926514,4.644999980926514,7306,0.0,0.0
2023-01-26 09:50:00-05:00,4.639999866485596,4.659999847412109,4.625,4.630000114440918,4.630000114440918,11919,0.0,0.0
2023-01-26 09:55:00-05:00,4.630000114440918,4.630000114440918,4.610000133514404,4.630000114440918,4.630000114440918,6273,0.0,0.0
2023-01-26 10:00:00-05:00,4.630000114440918,4.639999866485596,4.630000114440918,4.630000114440918,4.630000114440918,2730,0.0,0.0
2023-01-26 10:05:00-05:00,4.624199867248535,4.624199867248535,4.624199867248535,4.624199867248535,4.624199867248535,125,0.0,0.0
2023-01-26 10:10:00-05:00,4.625,4.644999980926514,4.625,4.644999980926514,4.644999980926514,1185,0.0,0.0
2023-01-26 10:15:00-05:00,4.639999866485596,4.644999980926514,4.639999866485596,4.644999980926514,4.644999980926514,562,0.0,0.0
2023-01-26 10:20:00-05:00,4.644999980926514,4.650000095367432,4.619999885559082,4.644999980926514,4.644999980926514,10872,0.0,0.0
2023-01-26 10:25:00-05:00,4.639999866485596,4.639999866485596,4.625,4.625,4.625,1255,0.0,0.0
2023-01-26 10:30:00-05:00,4.619999885559082,4.625,4.619999885559082,4.625,4.625,1988,0.0,0.0
2023-01-26 10:35:00-05:00,4.619999885559082,4.620100021362305,4.599999904632568,4.599999904632568,4.599999904632568,8996,0.0,0.0
2023-01-26 10:40:00-05:00,4.610000133514404,4.614999771118164,4.610000133514404,4.610000133514404,4.610000133514404,2342,0.0,0.0
2023-01-26 10:45:00-05:00,4.610000133514404,4.610000133514404,4.590000152587891,4.590000152587891,4.590000152587891,2934,0.0,0.0
2023-01-26 10:50:00-05:00,4.59499979019165,4.59499979019165,4.565000057220459,4.565000057220459,4.565000057220459,18360,0.0,0.0
2023-01-26 10:55:00-05:00,4.570000171661377,4.570000171661377,4.559999942779541,4.565000057220459,4.565000057220459,7753,0.0,0.0
2023-01-26 11:00:00-05:00,4.559999942779541,4.574999809265137,4.550000190734863,4.565000057220459,4.565000057220459,7049,0.0,0.0
2023-01-26 11:05:00-05:00,4.565000057220459,4.565000057220459,4.565000057220459,4.565000057220459,4.565000057220459,354,0.0,0.0
2023-01-26 11:10:00-05:00,4.559999942779541,4.570000171661377,4.559999942779541,4.559999942779541,4.559999942779541,752,0.0,0.0
2023-01-26 11:15:00-05:00,4.570000171661377,4.579999923706055,4.565000057220459,4.565000057220459,4.565000057220459,4991,0.0,0.0
2023-01-26 11:20:00-05:00,4.565000057220459,4.574999809265137,4.565000057220459,4.565000057220459,4.565000057220459,3806,0.0,0.0
2023-01-26 11:25:00-05:00,4.565000057220459,4.565000057220459,4.559999942779541,4.559999942779541,4.559999942779541,671,0.0,0.0
2023-01-26 11:30:00-05:00,4.565000057220459,4.579999923706055,4.565000057220459,4.565000057220459,4.565000057220459,18423,0.0,0.0
2023-01-26 11:35:00-05:00,4.559999942779541,4.570000171661377,4.554999828338623,4.570000171661377,4.570000171661377,19328,0.0,0.0
2023-01-26 11:40:00-05:00,4.574999809265137,4.590000152587891,4.572500228881836,4.590000152587891,4.590000152587891,3595,0.0,0.0
2023-01-26 11:45:00-05:00,4.585000038146973,4.610000133514404,4.579999923706055,4.599999904632568,4.599999904632568,8052,0.0,0.0
2023-01-26 11:50:00-05:00,4.590000152587891,4.59499979019165,4.585000038146973,4.590000152587891,4.590000152587891,9648,0.0,0.0
2023-01-26 11:55:00-05:00,4.579999923706055,4.585000038146973,4.579999923706055,4.585000038146973,4.585000038146973,3815,0.0,0.0
2023-01-26 12:00:00-05:00,4.585000038146973,4.590000152587891,4.579999923706055,4.585000038146973,4.585000038146973,1331,0.0,0.0
2023-01-26 12:05:00-05:00,4.585000038146973,4.585000038146973,4.585000038146973,4.585000038146973,4.585000038146973,342,0.0,0.0
2023-01-26 12:10:00-05:00,4.580999851226807,4.585000038146973,4.579999923706055,4.579999923706055,4.579999923706055,2785,0.0,0.0
2023-01-26 12:15:00-05:00,4.579999923706055,4.579999923706055,4.579999923706055,4.579999923706055,4.579999923706055,1748,0.0,0.0
2023-01-26 12:20:00-05:00,4.590000152587891,4.590000152587891,4.579999923706055,4.579999923706055,4.579999923706055,508,0.0,0.0
2023-01-26 12:25:00-05:00,4.585000038146973,4.585000038146973,4.579999923706055,4.579999923706055,4.579999923706055,1275,0.0,0.0
2023-01-26 12:30:00-05:00,4.579999923706055,4.585000038146973,4.579999923706055,4.585000038146973,4.585000038146973,1964,0.0,0.0
2023-01-26 12:35:00-05:00,4.579999923706055,4.585000038146973,4.579999923706055,4.579999923706055,4.579999923706055,1595,0.0,0.0
2023-01-26 12:40:00-05:00,4.579999923706055,4.585000038146973,4.579999923706055,4.579999923706055,4.579999923706055,5091,0.0,0.0
2023-01-26 12:45:00-05:00,4.579999923706055,4.579999923706055,4.570000171661377,4.570000171661377,4.570000171661377,2435,0.0,0.0
2023-01-26 12:50:00-05:00,4.570000171661377,4.574999809265137,4.545000076293945,4.5559000968933105,4.5559000968933105,50478,0.0,0.0
2023-01-26 12:55:00-05:00,4.559999942779541,4.559999942779541,4.550000190734863,4.550000190734863,4.550000190734863,992,0.0,0.0
2023-01-26 13:00:00-05:00,4.550000190734863,4.557499885559082,4.545000076293945,4.545000076293945,4.545000076293945,12542,0.0,0.0
2023-01-26 13:05:00-05:00,4.550000190734863,4.559999942779541,4.539999961853027,4.554999828338623,4.554999828338623,48730,0.0,0.0
2023-01-26 13:10:00-05:00,4.554999828338623,4.554999828338623,4.545000076293945,4.550000190734863,4.550000190734863,3474,0.0,0.0
2023-01-26 13:15:00-05:00,4.545000076293945,4.545000076293945,4.539899826049805,4.539999961853027,4.539999961853027,5169,0.0,0.0
2023-01-26 13:20:00-05:00,4.550000190734863,4.554999828338623,4.545000076293945,4.549900054931641,4.549900054931641,14114,0.0,0.0
2023-01-26 13:25:00-05:00,4.545000076293945,4.545000076293945,4.539999961853027,4.539999961853027,4.539999961853027,1946,0.0,0.0
2023-01-26 13:30:00-05:00,4.539999961853027,4.550000190734863,4.519999980926514,4.519999980926514,4.519999980926514,8846,0.0,0.0
2023-01-26 13:35:00-05:00,4.525000095367432,4.53000020980835,4.510000228881836,4.525000095367432,4.525000095367432,41496,0.0,0.0
2023-01-26 13:40:00-05:00,4.525000095367432,4.534999847412109,4.525000095367432,4.525000095367432,4.525000095367432,6180,0.0,0.0
2023-01-26 13:45:00-05:00,4.53000020980835,4.53000020980835,4.53000020980835,4.53000020980835,4.53000020980835,1190,0.0,0.0
2023-01-26 13:50:00-05:00,4.53000020980835,4.53000020980835,4.525000095367432,4.525000095367432,4.525000095367432,2819,0.0,0.0
2023-01-26 13:55:00-05:00,4.53000020980835,4.53000020980835,4.514999866485596,4.514999866485596,4.514999866485596,3501,0.0,0.0
2023-01-26 14:00:00-05:00,4.519999980926514,4.519999980926514,4.510000228881836,4.514999866485596,4.514999866485596,4953,0.0,0.0
2023-01-26 14:05:00-05:00,4.511000156402588,4.514999866485596,4.505000114440918,4.514999866485596,4.514999866485596,9115,0.0,0.0
2023-01-26 14:10:00-05:00,4.514999866485596,4.514999866485596,4.510000228881836,4.510000228881836,4.510000228881836,1260,0.0,0.0
2023-01-26 14:15:00-05:00,4.510000228881836,4.53000020980835,4.510000228881836,4.519999980926514,4.519999980926514,22502,0.0,0.0
2023-01-26 14:20:00-05:00,4.53000020980835,4.53000020980835,4.53000020980835,4.53000020980835,4.53000020980835,2261,0.0,0.0
2023-01-26 14:25:00-05:00,4.5329999923706055,4.5329999923706055,4.525000095367432,4.525000095367432,4.525000095367432,1509,0.0,0.0
2023-01-26 14:35:00-05:00,4.519999980926514,4.525000095367432,4.514999866485596,4.514999866485596,4.514999866485596,5514,0.0,0.0
2023-01-26 14:40:00-05:00,4.514999866485596,4.53000020980835,4.514999866485596,4.53000020980835,4.53000020980835,4972,0.0,0.0
2023-01-26 14:45:00-05:00,4.53000020980835,4.534999847412109,4.525000095367432,4.534999847412109,4.534999847412109,11388,0.0,0.0
2023-01-26 14:55:00-05:00,4.534999847412109,4.534999847412109,4.53000020980835,4.534999847412109,4.534999847412109,741,0.0,0.0
2023-01-26 15:00:00-05:00,4.534999847412109,4.534999847412109,4.522500038146973,4.525000095367432,4.525000095367432,4283,0.0,0.0
2023-01-26 15:05:00-05:00,4.525000095367432,4.525000095367432,4.519999980926514,4.519999980926514,4.519999980926514,838,0.0,0.0
2023-01-26 15:10:00-05:00,4.519999980926514,4.525000095367432,4.519999980926514,4.519999980926514,4.519999980926514,1976,0.0,0.0
2023-01-26 15:15:00-05:00,4.519999980926514,4.525000095367432,4.519999980926514,4.519999980926514,4.519999980926514,1357,0.0,0.0
2023-01-26 15:20:00-05:00,4.519999980926514,4.53000020980835,4.519999980926514,4.519999980926514,4.519999980926514,6746,0.0,0.0
2023-01-26 15:25:00-05:00,4.525000095367432,4.539999961853027,4.519999980926514,4.53000020980835,4.53000020980835,7471,0.0,0.0
2023-01-26 15:30:00-05:00,4.53000020980835,4.539999961853027,4.53000020980835,4.53000020980835,4.53000020980835,7732,0.0,0.0
2023-01-26 15:35:00-05:00,4.519999980926514,4.525000095367432,4.510000228881836,4.510000228881836,4.510000228881836,5619,0.0,0.0
2023-01-26 15:40:00-05:00,4.514999866485596,4.53000020980835,4.510000228881836,4.519999980926514,4.519999980926514,9101,0.0,0.0
2023-01-26 15:45:00-05:00,4.525000095367432,4.53000020980835,4.519999980926514,4.519999980926514,4.519999980926514,7568,0.0,0.0
2023-01-26 15:50:00-05:00,4.519999980926514,4.525000095367432,4.460000038146973,4.465000152587891,4.465000152587891,190289,0.0,0.0
2023-01-26 15:55:00-05:00,4.465000152587891,4.539999961853027,4.460000038146973,4.519999980926514,4.519999980926514,212486,0.0,0.0
2023-01-27 09:30:00-05:00,4.519999980926514,4.519999980926514,4.480000019073486,4.5,4.5,4823,0.0,0.0
2023-01-27 09:35:00-05:00,4.489999771118164,4.505000114440918,4.480100154876709,4.5,4.5,11102,0.0,0.0
2023-01-27 09:40:00-05:00,4.489999771118164,4.5,4.489999771118164,4.49560022354126,4.49560022354126,1805,0.0,0.0
2023-01-27 09:45:00-05:00,4.5,4.559999942779541,4.5,4.559999942779541,4.559999942779541,29171,0.0,0.0
2023-01-27 09:50:00-05:00,4.539999961853027,4.550000190734863,4.53000020980835,4.550000190734863,4.550000190734863,1839,0.0,0.0
2023-01-27 09:55:00-05:00,4.550000190734863,4.559999942779541,4.550000190734863,4.559999942779541,4.559999942779541,1890,0.0,0.0
2023-01-27 10:00:00-05:00,4.53000020980835,4.539999961853027,4.5,4.519999980926514,4.519999980926514,15851,0.0,0.0
2023-01-27 10:05:00-05:00,4.510000228881836,4.525000095367432,4.510000228881836,4.5100998878479,4.5100998878479,8248,0.0,0.0
2023-01-27 10:10:00-05:00,4.510000228881836,4.510000228881836,4.494999885559082,4.494999885559082,4.494999885559082,2398,0.0,0.0
2023-01-27 10:15:00-05:00,4.5,4.5,4.489999771118164,4.497799873352051,4.497799873352051,3848,0.0,0.0
2023-01-27 10:20:00-05:00,4.489999771118164,4.489999771118164,4.46999979019165,4.479899883270264,4.479899883270264,5836,0.0,0.0
2023-01-27 10:25:00-05:00,4.480000019073486,4.510000228881836,4.480000019073486,4.510000228881836,4.510000228881836,6506,0.0,0.0
2023-01-27 10:30:00-05:00,4.510000228881836,4.514999866485596,4.5,4.510000228881836,4.510000228881836,6437,0.0,0.0
2023-01-27 10:35:00-05:00,4.505000114440918,4.525000095367432,4.505000114440918,4.519999980926514,4.519999980926514,7295,0.0,0.0
2023-01-27 10:40:00-05:00,4.519999980926514,4.519999980926514,4.510000228881836,4.519999980926514,4.519999980926514,985,0.0,0.0
2023-01-27 10:45:00-05:00,4.514999866485596,4.519999980926514,4.514999866485596,4.519999980926514,4.519999980926514,8171,0.0,0.0
2023-01-27 10:50:00-05:00,4.519999980926514,4.519999980926514,4.514999866485596,4.519999980926514,4.519999980926514,1589,0.0,0.0
2023-01-27 10:55:00-05:00,4.514999866485596,4.519999980926514,4.5100998878479,4.519999980926514,4.519999980926514,3367,0.0,0.0
2023-01-27 11:00:00-05:00,4.513000011444092,4.519999980926514,4.510000228881836,4.514999866485596,4.514999866485596,1789,0.0,0.0
2023-01-27 11:05:00-05:00,4.514999866485596,4.53000020980835,4.514999866485596,4.519999980926514,4.519999980926514,5801,0.0,0.0
2023-01-27 11:10:00-05:00,4.514999866485596,4.519999980926514,4.514999866485596,4.519999980926514,4.519999980926514,300,0.0,0.0
2023-01-27 11:15:00-05:00,4.514999866485596,4.525000095367432,4.514999866485596,4.525000095367432,4.525000095367432,1744,0.0,0.0
2023-01-27 11:20:00-05:00,4.525000095367432,4.525000095367432,4.525000095367432,4.525000095367432,4.525000095367432,809,0.0,0.0
2023-01-27 11:25:00-05:00,4.519999980926514,4.525000095367432,4.519999980926514,4.525000095367432,4.525000095367432,506,0.0,0.0
2023-01-27 11:30:00-05:00,4.53000020980835,4.53000020980835,4.525000095367432,4.525000095367432,4.525000095367432,1485,0.0,0.0
2023-01-27 11:35:00-05:00,4.53000020980835,4.539999961853027,4.5233001708984375,4.534999847412109,4.534999847412109,6365,0.0,0.0
2023-01-27 11:40:00-05:00,4.534999847412109,4.534999847412109,4.534999847412109,4.534999847412109,4.534999847412109,326,0.0,0.0
2023-01-27 11:45:00-05:00,4.534999847412109,4.550000190734863,4.534999847412109,4.550000190734863,4.550000190734863,2039,0.0,0.0
2023-01-27 11:50:00-05:00,4.550000190734863,4.550000190734863,4.545000076293945,4.550000190734863,4.550000190734863,1023,0.0,0.0
2023-01-27 11:55:00-05:00,4.550000190734863,4.554999828338623,4.545000076293945,4.545000076293945,4.545000076293945,7517,0.0,0.0
2023-01-27 12:00:00-05:00,4.541100025177002,4.570000171661377,4.539999961853027,4.570000171661377,4.570000171661377,12074,0.0,0.0
2023-01-27 12:05:00-05:00,4.565000057220459,4.570000171661377,4.554999828338623,4.554999828338623,4.554999828338623,5243,0.0,0.0
2023-01-27 12:10:00-05:00,4.550000190734863,4.550000190734863,4.545000076293945,4.545000076293945,4.545000076293945,4366,0.0,0.0
2023-01-27 12:15:00-05:00,4.545000076293945,4.554999828338623,4.545000076293945,4.550000190734863,4.550000190734863,5158,0.0,0.0
2023-01-27 12:20:00-05:00,4.554999828338623,4.559999942779541,4.545000076293945,4.559999942779541,4.559999942779541,2829,0.0,0.0
2023-01-27 12:25:00-05:00,4.559999942779541,4.559999942779541,4.550000190734863,4.559999942779541,4.559999942779541,863,0.0,0.0
2023-01-27 12:30:00-05:00,4.559999942779541,4.559999942779541,4.554999828338623,4.554999828338623,4.554999828338623,400,0.0,0.0
2023-01-27 12:35:00-05:00,4.554999828338623,4.554999828338623,4.550000190734863,4.550000190734863,4.550000190734863,1053,0.0,0.0
2023-01-27 12:40:00-05:00,4.554999828338623,4.554999828338623,4.554999828338623,4.554999828338623,4.554999828338623,902,0.0,0.0
2023-01-27 12:45:00-05:00,4.550000190734863,4.585000038146973,4.550000190734863,4.585000038146973,4.585000038146973,12048,0.0,0.0
2023-01-27 12:50:00-05:00,4.585000038146973,4.590000152587891,4.580900192260742,4.581200122833252,4.581200122833252,5434,0.0,0.0
2023-01-27 12:55:00-05:00,4.585000038146973,4.59499979019165,4.585000038146973,4.590000152587891,4.590000152587891,13382,0.0,0.0
2023-01-27 13:00:00-05:00,4.585000038146973,4.590000152587891,4.585000038146973,4.590000152587891,4.590000152587891,2156,0.0,0.0
2023-01-27 13:05:00-05:00,4.590000152587891,4.590000152587891,4.579999923706055,4.585000038146973,4.585000038146973,2521,0.0,0.0
2023-01-27 13:10:00-05:00,4.580100059509277,4.590000152587891,4.580100059509277,4.585000038146973,4.585000038146973,4704,0.0,0.0
2023-01-27 13:15:00-05:00,4.590000152587891,4.590000152587891,4.585000038146973,4.585000038146973,4.585000038146973,1408,0.0,0.0
2023-01-27 13:20:00-05:00,4.590000152587891,4.590000152587891,4.585000038146973,4.585000038146973,4.585000038146973,1933,0.0,0.0
2023-01-27 13:25:00-05:00,4.590000152587891,4.590000152587891,4.585000038146973,4.590000152587891,4.590000152587891,2156,0.0,0.0
2023-01-27 13:30:00-05:00,4.590000152587891,4.590000152587891,4.585000038146973,4.585000038146973,4.585000038146973,3026,0.0,0.0
2023-01-27 13:35:00-05:00,4.590000152587891,4.590000152587891,4.585000038146973,4.590000152587891,4.590000152587891,5185,0.0,0.0
2023-01-27 13:40:00-05:00,4.589000225067139,4.610000133514404,4.579999923706055,4.589000225067139,4.589000225067139,24523,0.0,0.0
2023-01-27 13:45:00-05:00,4.590000152587891,4.590000152587891,4.585000038146973,4.585000038146973,4.585000038146973,5959,0.0,0.0
2023-01-27 13:50:00-05:00,4.589000225067139,4.590000152587891,4.585000038146973,4.590000152587891,4.590000152587891,3579,0.0,0.0
2023-01-27 13:55:00-05:00,4.589000225067139,4.590000152587891,4.585000038146973,4.590000152587891,4.590000152587891,6710,0.0,0.0
2023-01-27 14:00:00-05:00,4.590000152587891,4.590000152587891,4.58489990234375,4.589000225067139,4.589000225067139,4758,0.0,0.0
2023-01-27 14:05:00-05:00,4.590000152587891,4.590000152587891,4.574999809265137,4.590000152587891,4.590000152587891,10579,0.0,0.0
2023-01-27 14:10:00-05:00,4.579999923706055,4.590000152587891,4.579999923706055,4.589000225067139,4.589000225067139,4102,0.0,0.0
2023-01-27 14:15:00-05:00,4.589000225067139,4.590000152587891,4.585000038146973,4.589000225067139,4.589000225067139,2573,0.0,0.0
2023-01-27 14:20:00-05:00,4.589000225067139,4.589000225067139,4.565000057220459,4.574999809265137,4.574999809265137,19283,0.0,0.0
2023-01-27 14:25:00-05:00,4.579999923706055,4.590000152587891,4.574999809265137,4.574999809265137,4.574999809265137,6518,0.0,0.0
2023-01-27 14:30:00-05:00,4.574999809265137,4.579999923706055,4.570000171661377,4.574999809265137,4.574999809265137,5013,0.0,0.0
2023-01-27 14:35:00-05:00,4.570000171661377,4.570000171661377,4.565000057220459,4.565000057220459,4.565000057220459,2132,0.0,0.0
2023-01-27 14:40:00-05:00,4.570000171661377,4.570000171661377,4.565000057220459,4.565000057220459,4.565000057220459,2160,0.0,0.0
2023-01-27 14:45:00-05:00,4.565000057220459,4.565000057220459,4.554999828338623,4.559999942779541,4.559999942779541,8483,0.0,0.0
2023-01-27 14:50:00-05:00,4.559999942779541,4.565000057220459,4.545000076293945,4.545000076293945,4.545000076293945,8192,0.0,0.0
2023-01-27 14:55:00-05:00,4.545000076293945,4.550000190734863,4.539999961853027,4.545000076293945,4.545000076293945,4683,0.0,0.0
2023-01-27 15:00:00-05:00,4.550000190734863,4.550000190734863,4.545000076293945,4.550000190734863,4.550000190734863,2414,0.0,0.0
2023-01-27 15:05:00-05:00,4.545000076293945,4.554999828338623,4.545000076293945,4.554999828338623,4.554999828338623,5454,0.0,0.0
2023-01-27 15:10:00-05:00,4.554999828338623,4.554999828338623,4.545000076293945,4.545000076293945,4.545000076293945,3741,0.0,0.0
2023-01-27 15:15:00-05:00,4.545000076293945,4.550000190734863,4.545000076293945,4.545000076293945,4.545000076293945,5474,0.0,0.0
2023-01-27 15:20:00-05:00,4.545000076293945,4.545000076293945,4.519999980926514,4.525000095367432,4.525000095367432,5659,0.0,0.0
2023-01-27 15:25:00-05:00,4.525000095367432,4.525000095367432,4.525000095367432,4.525000095367432,4.525000095367432,3250,0.0,0.0
2023-01-27 15:30:00-05:00,4.525000095367432,4.53000020980835,4.5,4.505000114440918,4.505000114440918,11463,0.0,0.0
2023-01-27 15:35:00-05:00,4.505000114440918,4.519999980926514,4.5,4.514999866485596,4.514999866485596,18595,0.0,0.0
2023-01-27 15:40:00-05:00,4.514999866485596,4.53000020980835,4.514999866485596,4.53000020980835,4.53000020980835,11902,0.0,0.0
2023-01-27 15:45:00-05:00,4.53000020980835,4.53000020980835,4.514999866485596,4.514999866485596,4.514999866485596,24167,0.0,0.0
2023-01-27 15:50:00-05:00,4.519000053405762,4.53000020980835,4.510000228881836,4.53000020980835,4.53000020980835,16755,0.0,0.0
2023-01-27 15:55:00-05:00,4.5289998054504395,4.53000020980835,4.5,4.510000228881836,4.510000228881836,42369,0.0,0.0
2023-01-30 09:30:00-05:00,4.5,4.53000020980835,4.480000019073486,4.510000228881836,4.510000228881836,10533,0.0,0.0
2023-01-30 09:35:00-05:00,4.505000114440918,4.510000228881836,4.489999771118164,4.489999771118164,4.489999771118164,35522,0.0,0.0
2023-01-30 09:40:00-05:00,4.480000019073486,4.510000228881836,4.480000019073486,4.505000114440918,4.505000114440918,9911,0.0,0.0
2023-01-30 09:45:00-05:00,4.5,4.514999866485596,4.5,4.514999866485596,4.514999866485596,9148,0.0,0.0
2023-01-30 09:50:00-05:00,4.510000228881836,4.519999980926514,4.465000152587891,4.465000152587891,4.465000152587891,17281,0.0,0.0
2023-01-30 09:55:00-05:00,4.460000038146973,4.465000152587891,4.454999923706055,4.465000152587891,4.465000152587891,4554,0.0,0.0
2023-01-30 10:00:00-05:00,4.469299793243408,4.469299793243408,4.465000152587891,4.465000152587891,4.465000152587891,2042,0.0,0.0
2023-01-30 10:05:00-05:00,4.460000038146973,4.480000019073486,4.449999809265137,4.480000019073486,4.480000019073486,12118,0.0,0.0
2023-01-30 10:10:00-05:00,4.480000019073486,4.505000114440918,4.465000152587891,4.505000114440918,4.505000114440918,117171,0.0,0.0
2023-01-30 10:15:00-05:00,4.5,4.510000228881836,4.489999771118164,4.489999771118164,4.489999771118164,32053,0.0,0.0
2023-01-30 10:20:00-05:00,4.489999771118164,4.489999771118164,4.46999979019165,4.46999979019165,4.46999979019165,5649,0.0,0.0
2023-01-30 10:25:00-05:00,4.46999979019165,4.485000133514404,4.454999923706055,4.480000019073486,4.480000019073486,10024,0.0,0.0
2023-01-30 10:30:00-05:00,4.480000019073486,4.485000133514404,4.46999979019165,4.46999979019165,4.46999979019165,5904,0.0,0.0
2023-01-30 10:35:00-05:00,4.460000038146973,4.460000038146973,4.449999809265137,4.449999809265137,4.449999809265137,1792,0.0,0.0
2023-01-30 10:40:00-05:00,4.448699951171875,4.448699951171875,4.440000057220459,4.445000171661377,4.445000171661377,608,0.0,0.0
2023-01-30 10:45:00-05:00,4.445000171661377,4.445000171661377,4.420000076293945,4.420000076293945,4.420000076293945,13972,0.0,0.0
2023-01-30 10:50:00-05:00,4.420000076293945,4.429999828338623,4.400000095367432,4.420000076293945,4.420000076293945,24040,0.0,0.0
2023-01-30 10:55:00-05:00,4.409999847412109,4.422500133514404,4.40500020980835,4.414999961853027,4.414999961853027,3939,0.0,0.0
2023-01-30 11:00:00-05:00,4.419099807739258,4.425000190734863,4.400000095367432,4.402500152587891,4.402500152587891,7877,0.0,0.0
2023-01-30 11:05:00-05:00,4.40500020980835,4.40500020980835,4.400000095367432,4.40500020980835,4.40500020980835,6642,0.0,0.0
2023-01-30 11:10:00-05:00,4.409999847412109,4.429900169372559,4.40500020980835,4.409999847412109,4.409999847412109,16449,0.0,0.0
2023-01-30 11:15:00-05:00,4.409999847412109,4.420400142669678,4.40500020980835,4.409999847412109,4.409999847412109,16611,0.0,0.0
2023-01-30 11:20:00-05:00,4.409999847412109,4.409999847412109,4.40500020980835,4.409999847412109,4.409999847412109,1866,0.0,0.0
2023-01-30 11:25:00-05:00,4.40500020980835,4.409999847412109,4.394999980926514,4.40500020980835,4.40500020980835,11730,0.0,0.0
2023-01-30 11:30:00-05:00,4.40500020980835,4.411399841308594,4.394999980926514,4.400000095367432,4.400000095367432,13896,0.0,0.0
2023-01-30 11:35:00-05:00,4.400000095367432,4.429999828338623,4.400000095367432,4.4253997802734375,4.4253997802734375,25084,0.0,0.0
2023-01-30 11:40:00-05:00,4.420000076293945,4.429999828338623,4.409999847412109,4.420000076293945,4.420000076293945,9596,0.0,0.0
2023-01-30 11:45:00-05:00,4.428999900817871,4.429999828338623,4.425000190734863,4.429999828338623,4.429999828338623,6316,0.0,0.0
2023-01-30 11:50:00-05:00,4.425000190734863,4.440000057220459,4.425000190734863,4.434999942779541,4.434999942779541,73734,0.0,0.0
2023-01-30 11:55:00-05:00,4.429999828338623,4.429999828338623,4.425000190734863,4.429999828338623,4.429999828338623,17385,0.0,0.0
2023-01-30 12:00:00-05:00,4.425000190734863,4.445000171661377,4.420000076293945,4.440000057220459,4.440000057220459,10414,0.0,0.0
2023-01-30 12:05:00-05:00,4.440000057220459,4.445000171661377,4.434999942779541,4.445000171661377,4.445000171661377,10255,0.0,0.0
2023-01-30 12:10:00-05:00,4.445000171661377,4.445000171661377,4.434999942779541,4.434999942779541,4.434999942779541,5561,0.0,0.0
2023-01-30 12:15:00-05:00,4.429999828338623,4.429999828338623,4.425000190734863,4.428199768066406,4.428199768066406,1389,0.0,0.0
2023-01-30 12:20:00-05:00,4.420000076293945,4.425000190734863,4.420000076293945,4.425000190734863,4.425000190734863,950,0.0,0.0
2023-01-30 12:25:00-05:00,4.420000076293945,4.425000190734863,4.420000076293945,4.420000076293945,4.420000076293945,1444,0.0,0.0
2023-01-30 12:30:00-05:00,4.425000190734863,4.429999828338623,4.425000190734863,4.429999828338623,4.429999828338623,2249,0.0,0.0
2023-01-30 12:35:00-05:00,4.439899921417236,4.439899921417236,4.439899921417236,4.439899921417236,4.439899921417236,652,0.0,0.0
2023-01-30 12:40:00-05:00,4.429999828338623,4.440000057220459,4.429999828338623,4.440000057220459,4.440000057220459,7443,0.0,0.0
2023-01-30 12:45:00-05:00,4.434999942779541,4.434999942779541,4.429999828338623,4.429999828338623,4.429999828338623,1782,0.0,0.0
2023-01-30 12:50:00-05:00,4.420000076293945,4.420000076293945,4.420000076293945,4.420000076293945,4.420000076293945,1113,0.0,0.0
2023-01-30 12:55:00-05:00,4.414999961853027,4.420000076293945,4.414999961853027,4.414999961853027,4.414999961853027,1604,0.0,0.0
2023-01-30 13:00:00-05:00,4.409999847412109,4.414999961853027,4.40500020980835,4.409999847412109,4.409999847412109,3445,0.0,0.0
2023-01-30 13:05:00-05:00,4.40500020980835,4.420000076293945,4.40500020980835,4.420000076293945,4.420000076293945,2771,0.0,0.0
2023-01-30 13:10:00-05:00,4.414999961853027,4.414999961853027,4.414999961853027,4.414999961853027,4.414999961853027,422,0.0,0.0
2023-01-30 13:15:00-05:00,4.4197001457214355,4.425000190734863,4.4197001457214355,4.420000076293945,4.420000076293945,8268,0.0,0.0
2023-01-30 13:20:00-05:00,4.420000076293945,4.425000190734863,4.420000076293945,4.425000190734863,4.425000190734863,2166,0.0,0.0
2023-01-30 13:25:00-05:00,4.425000190734863,4.425000190734863,4.425000190734863,4.425000190734863,4.425000190734863,639,0.0,0.0
2023-01-30 13:30:00-05:00,4.420000076293945,4.425000190734863,4.409999847412109,4.425000190734863,4.425000190734863,12502,0.0,0.0
2023-01-30 13:35:00-05:00,4.420000076293945,4.420000076293945,4.414999961853027,4.414999961853027,4.414999961853027,2488,0.0,0.0
2023-01-30 13:40:00-05:00,4.409999847412109,4.414999961853027,4.40500020980835,4.414999961853027,4.414999961853027,6172,0.0,0.0
2023-01-30 13:45:00-05:00,4.409999847412109,4.414999961853027,4.409999847412109,4.409999847412109,4.409999847412109,842,0.0,0.0
2023-01-30 13:50:00-05:00,4.414999961853027,4.415999889373779,4.409999847412109,4.414999961853027,4.414999961853027,1701,0.0,0.0
2023-01-30 13:55:00-05:00,4.409999847412109,4.414999961853027,4.40500020980835,4.414999961853027,4.414999961853027,5336,0.0,0.0
2023-01-30 14:00:00-05:00,4.409999847412109,4.420000076293945,4.409999847412109,4.414999961853027,4.414999961853027,2183,0.0,0.0
2023-01-30 14:05:00-05:00,4.414999961853027,4.414999961853027,4.409999847412109,4.409999847412109,4.409999847412109,995,0.0,0.0
2023-01-30 14:10:00-05:00,4.414999961853027,4.414999961853027,4.40500020980835,4.409999847412109,4.409999847412109,5967,0.0,0.0
2023-01-30 14:15:00-05:00,4.409999847412109,4.420000076293945,4.409999847412109,4.414999961853027,4.414999961853027,2548,0.0,0.0
2023-01-30 14:20:00-05:00,4.414999961853027,4.414999961853027,4.409999847412109,4.409999847412109,4.409999847412109,660,0.0,0.0
2023-01-30 14:25:00-05:00,4.420000076293945,4.420000076293945,4.409999847412109,4.414999961853027,4.414999961853027,4958,0.0,0.0
2023-01-30 14:30:00-05:00,4.414999961853027,4.425000190734863,4.409999847412109,4.414999961853027,4.414999961853027,18116,0.0,0.0
2023-01-30 14:35:00-05:00,4.420000076293945,4.420000076293945,4.40500020980835,4.409999847412109,4.409999847412109,21252,0.0,0.0
2023-01-30 14:40:00-05:00,4.409999847412109,4.425000190734863,4.40500020980835,4.420000076293945,4.420000076293945,8708,0.0,0.0
2023-01-30 14:45:00-05:00,4.425000190734863,4.425000190734863,4.40500020980835,4.409999847412109,4.409999847412109,9578,0.0,0.0
2023-01-30 14:50:00-05:00,4.414999961853027,4.414999961853027,4.402500152587891,4.40500020980835,4.40500020980835,2768,0.0,0.0
2023-01-30 14:55:00-05:00,4.409999847412109,4.409999847412109,4.400000095367432,4.409999847412109,4.409999847412109,3541,0.0,0.0
2023-01-30 15:00:00-05:00,4.409999847412109,4.4197998046875,4.400000095367432,4.40500020980835,4.40500020980835,9794,0.0,0.0
2023-01-30 15:05:00-05:00,4.40500020980835,4.408899784088135,4.400000095367432,4.408899784088135,4.408899784088135,7133,0.0,0.0
2023-01-30 15:10:00-05:00,4.40500020980835,4.420000076293945,4.40500020980835,4.414999961853027,4.414999961853027,8220,0.0,0.0
2023-01-30 15:15:00-05:00,4.414999961853027,4.420000076293945,4.409999847412109,4.414999961853027,4.414999961853027,11003,0.0,0.0
2023-01-30 15:20:00-05:00,4.414999961853027,4.434999942779541,4.412499904632568,4.434999942779541,4.434999942779541,20476,0.0,0.0
2023-01-30 15:25:00-05:00,4.434999942779541,4.445000171661377,4.434999942779541,4.445000171661377,4.445000171661377,11656,0.0,0.0
2023-01-30 15:30:00-05:00,4.445000171661377,4.460000038146973,4.429999828338623,4.434999942779541,4.434999942779541,13470,0.0,0.0
2023-01-30 15:35:00-05:00,4.429999828338623,4.445499897003174,4.429999828338623,4.445000171661377,4.445000171661377,5963,0.0,0.0
2023-01-30 15:40:00-05:00,4.449999809265137,4.460000038146973,4.449999809265137,4.454999923706055,4.454999923706055,24529,0.0,0.0
2023-01-30 15:45:00-05:00,4.454999923706055,4.460000038146973,4.440000057220459,4.445000171661377,4.445000171661377,7829,0.0,0.0
2023-01-30 15:50:00-05:00,4.445000171661377,4.449999809265137,4.440000057220459,4.445000171661377,4.445000171661377,16086,0.0,0.0
2023-01-30 15:55:00-05:00,4.449900150299072,4.449900150299072,4.420000076293945,4.420000076293945,4.420000076293945,61054,0.0,0.0
2023-01-31 09:30:00-05:00,4.429999828338623,4.46999979019165,4.429999828338623,4.46999979019165,4.46999979019165,1544,0.0,0.0
2023-01-31 09:35:00-05:00,4.460000038146973,4.470600128173828,4.460000038146973,4.470600128173828,4.470600128173828,3744,0.0,0.0
2023-01-31 09:40:00-05:00,4.46999979019165,4.489999771118164,4.46999979019165,4.489999771118164,4.489999771118164,3062,0.0,0.0
2023-01-31 09:45:00-05:00,4.46999979019165,4.46999979019165,4.434999942779541,4.449999809265137,4.449999809265137,7836,0.0,0.0
2023-01-31 09:50:00-05:00,4.460000038146973,4.474999904632568,4.449999809265137,4.449999809265137,4.449999809265137,2191,0.0,0.0
2023-01-31 09:55:00-05:00,4.449999809265137,4.460000038146973,4.449999809265137,4.449999809265137,4.449999809265137,7602,0.0,0.0
2023-01-31 10:00:00-05:00,4.440000057220459,4.440000057220459,4.434999942779541,4.440000057220459,4.440000057220459,4598,0.0,0.0
2023-01-31 10:05:00-05:00,4.438600063323975,4.438600063323975,4.429999828338623,4.429999828338623,4.429999828338623,4287,0.0,0.0
2023-01-31 10:10:00-05:00,4.428500175476074,4.440000057220459,4.428500175476074,4.440000057220459,4.440000057220459,5220,0.0,0.0
2023-01-31 10:15:00-05:00,4.440000057220459,4.454999923706055,4.440000057220459,4.454999923706055,4.454999923706055,14369,0.0,0.0
2023-01-31 10:20:00-05:00,4.449999809265137,4.465000152587891,4.449999809265137,4.465000152587891,4.465000152587891,7447,0.0,0.0
2023-01-31 10:25:00-05:00,4.465000152587891,4.465000152587891,4.460000038146973,4.460000038146973,4.460000038146973,5444,0.0,0.0
2023-01-31 10:30:00-05:00,4.465000152587891,4.46999979019165,4.460000038146973,4.46999979019165,4.46999979019165,3348,0.0,0.0
2023-01-31 10:35:00-05:00,4.465000152587891,4.480000019073486,4.465000152587891,4.46999979019165,4.46999979019165,15610,0.0,0.0
2023-01-31 10:40:00-05:00,4.465000152587891,4.487500190734863,4.465000152587891,4.487500190734863,4.487500190734863,5168,0.0,0.0
2023-01-31 10:45:00-05:00,4.485000133514404,4.489099979400635,4.485000133514404,4.485000133514404,4.485000133514404,10610,0.0,0.0
2023-01-31 10:50:00-05:00,4.489999771118164,4.489999771118164,4.480000019073486,4.485000133514404,4.485000133514404,6566,0.0,0.0
2023-01-31 10:55:00-05:00,4.481200218200684,4.485000133514404,4.480000019073486,4.485000133514404,4.485000133514404,2519,0.0,0.0
2023-01-31 11:00:00-05:00,4.485000133514404,4.489999771118164,4.485000133514404,4.485000133514404,4.485000133514404,8494,0.0,0.0
2023-01-31 11:05:00-05:00,4.485000133514404,4.485000133514404,4.485000133514404,4.485000133514404,4.485000133514404,3583,0.0,0.0
2023-01-31 11:10:00-05:00,4.480000019073486,4.489999771118164,4.480000019073486,4.485000133514404,4.485000133514404,1465,0.0,0.0
2023-01-31 11:15:00-05:00,4.485000133514404,4.505000114440918,4.480000019073486,4.494999885559082,4.494999885559082,26861,0.0,0.0
2023-01-31 11:20:00-05:00,4.490099906921387,4.510000228881836,4.490099906921387,4.510000228881836,4.510000228881836,5111,0.0,0.0
2023-01-31 11:25:00-05:00,4.519999980926514,4.525000095367432,4.519999980926514,4.525000095367432,4.525000095367432,4285,0.0,0.0
2023-01-31 11:30:00-05:00,4.53000020980835,4.53000020980835,4.525000095367432,4.53000020980835,4.53000020980835,8986,0.0,0.0
2023-01-31 11:35:00-05:00,4.53000020980835,4.534999847412109,4.519999980926514,4.519999980926514,4.519999980926514,15019,0.0,0.0
2023-01-31 11:40:00-05:00,4.525000095367432,4.53000020980835,4.480000019073486,4.489999771118164,4.489999771118164,31639,0.0,0.0
2023-01-31 11:45:00-05:00,4.489999771118164,4.494999885559082,4.489999771118164,4.494999885559082,4.494999885559082,2835,0.0,0.0
2023-01-31 11:50:00-05:00,4.5,4.5,4.499899864196777,4.499899864196777,4.499899864196777,4380,0.0,0.0
2023-01-31 11:55:00-05:00,4.5,4.505000114440918,4.494999885559082,4.5,4.5,30248,0.0,0.0
2023-01-31 12:00:00-05:00,4.494999885559082,4.505000114440918,4.485000133514404,4.5,4.5,8916,0.0,0.0
2023-01-31 12:05:00-05:00,4.5,4.508399963378906,4.5,4.508399963378906,4.508399963378906,3351,0.0,0.0
2023-01-31 12:10:00-05:00,4.510000228881836,4.510000228881836,4.5,4.505000114440918,4.505000114440918,13536,0.0,0.0
2023-01-31 12:15:00-05:00,4.505000114440918,4.505000114440918,4.505000114440918,4.505000114440918,4.505000114440918,571,0.0,0.0
2023-01-31 12:20:00-05:00,4.505000114440918,4.505000114440918,4.489999771118164,4.489999771118164,4.489999771118164,8347,0.0,0.0
2023-01-31 12:25:00-05:00,4.494999885559082,4.5,4.480000019073486,4.494999885559082,4.494999885559082,10905,0.0,0.0
2023-01-31 12:30:00-05:00,4.489999771118164,4.5,4.489999771118164,4.5,4.5,657,0.0,0.0
2023-01-31 12:35:00-05:00,4.494999885559082,4.5,4.485000133514404,4.489999771118164,4.489999771118164,16069,0.0,0.0
2023-01-31 12:40:00-05:00,4.494999885559082,4.494999885559082,4.489999771118164,4.489999771118164,4.489999771118164,4723,0.0,0.0
2023-01-31 12:45:00-05:00,4.489999771118164,4.494999885559082,4.480000019073486,4.489999771118164,4.489999771118164,25050,0.0,0.0
2023-01-31 12:50:00-05:00,4.480000019073486,4.480000019073486,4.480000019073486,4.480000019073486,4.480000019073486,640,0.0,0.0
2023-01-31 12:55:00-05:00,4.485000133514404,4.494999885559082,4.480000019073486,4.485000133514404,4.485000133514404,23058,0.0,0.0
2023-01-31 13:00:00-05:00,4.489999771118164,4.5,4.489999771118164,4.5,4.5,3700,0.0,0.0
2023-01-31 13:05:00-05:00,4.5,4.5,4.489999771118164,4.489999771118164,4.489999771118164,9721,0.0,0.0
2023-01-31 13:10:00-05:00,4.495999813079834,4.5,4.494999885559082,4.5,4.5,3872,0.0,0.0
2023-01-31 13:15:00-05:00,4.489999771118164,4.494999885559082,4.485000133514404,4.494999885559082,4.494999885559082,12388,0.0,0.0
2023-01-31 13:20:00-05:00,4.494999885559082,4.5,4.494999885559082,4.494999885559082,4.494999885559082,2430,0.0,0.0
2023-01-31 13:25:00-05:00,4.497499942779541,4.505000114440918,4.494999885559082,4.505000114440918,4.505000114440918,35008,0.0,0.0
2023-01-31 13:30:00-05:00,4.505000114440918,4.510000228881836,4.5,4.5,4.5,16828,0.0,0.0
2023-01-31 13:35:00-05:00,4.503499984741211,4.503499984741211,4.503499984741211,4.503499984741211,4.503499984741211,435,0.0,0.0
2023-01-31 13:40:00-05:00,4.505000114440918,4.510000228881836,4.494999885559082,4.507500171661377,4.507500171661377,31498,0.0,0.0
2023-01-31 13:45:00-05:00,4.505000114440918,4.510000228881836,4.5,4.505000114440918,4.505000114440918,38476,0.0,0.0
2023-01-31 13:50:00-05:00,4.505000114440918,4.539999961853027,4.5,4.534999847412109,4.534999847412109,43117,0.0,0.0
2023-01-31 13:55:00-05:00,4.539999961853027,4.550000190734863,4.539999961853027,4.550000190734863,4.550000190734863,2425,0.0,0.0
2023-01-31 14:00:00-05:00,4.550000190734863,4.559999942779541,4.550000190734863,4.559999942779541,4.559999942779541,9705,0.0,0.0
2023-01-31 14:05:00-05:00,4.559999942779541,4.559999942779541,4.559999942779541,4.559999942779541,4.559999942779541,1834,0.0,0.0
2023-01-31 14:10:00-05:00,4.565000057220459,4.579999923706055,4.565000057220459,4.570000171661377,4.570000171661377,10354,0.0,0.0
2023-01-31 14:15:00-05:00,4.574999809265137,4.574999809265137,4.544099807739258,4.550000190734863,4.550000190734863,22282,0.0,0.0
2023-01-31 14:20:00-05:00,4.554999828338623,4.554999828338623,4.5507001876831055,4.554999828338623,4.554999828338623,977,0.0,0.0
2023-01-31 14:25:00-05:00,4.554999828338623,4.557499885559082,4.539999961853027,4.554999828338623,4.554999828338623,26381,0.0,0.0
2023-01-31 14:30:00-05:00,4.554999828338623,4.559999942779541,4.550000190734863,4.554999828338623,4.554999828338623,6933,0.0,0.0
2023-01-31 14:35:00-05:00,4.554999828338623,4.554999828338623,4.539999961853027,4.545000076293945,4.545000076293945,13874,0.0,0.0
2023-01-31 14:40:00-05:00,4.545000076293945,4.550000190734863,4.545000076293945,4.550000190734863,4.550000190734863,1097,0.0,0.0
2023-01-31 14:45:00-05:00,4.547500133514404,4.550000190734863,4.539999961853027,4.539999961853027,4.539999961853027,2127,0.0,0.0
2023-01-31 14:50:00-05:00,4.547500133514404,4.550000190734863,4.539999961853027,4.550000190734863,4.550000190734863,4343,0.0,0.0
2023-01-31 14:55:00-05:00,4.545000076293945,4.559999942779541,4.545000076293945,4.559999942779541,4.559999942779541,9866,0.0,0.0
2023-01-31 15:00:00-05:00,4.554999828338623,4.559999942779541,4.554999828338623,4.554999828338623,4.554999828338623,3626,0.0,0.0
2023-01-31 15:05:00-05:00,4.554999828338623,4.565000057220459,4.550000190734863,4.554999828338623,4.554999828338623,11806,0.0,0.0
2023-01-31 15:10:00-05:00,4.550000190734863,4.554999828338623,4.545000076293945,4.545000076293945,4.545000076293945,24391,0.0,0.0
2023-01-31 15:15:00-05:00,4.550000190734863,4.550000190734863,4.530099868774414,4.534999847412109,4.534999847412109,11862,0.0,0.0
2023-01-31 15:20:00-05:00,4.539999961853027,4.550000190734863,4.530099868774414,4.545000076293945,4.545000076293945,59997,0.0,0.0
2023-01-31 15:25:00-05:00,4.545000076293945,4.550000190734863,4.539999961853027,4.539999961853027,4.539999961853027,21672,0.0,0.0
2023-01-31 15:30:00-05:00,4.550000190734863,4.554999828338623,4.526899814605713,4.53000020980835,4.53000020980835,26117,0.0,0.0
2023-01-31 15:35:00-05:00,4.53000020980835,4.534999847412109,4.525000095367432,4.534999847412109,4.534999847412109,22559,0.0,0.0
2023-01-31 15:40:00-05:00,4.534999847412109,4.545000076293945,4.534999847412109,4.545000076293945,4.545000076293945,7719,0.0,0.0
2023-01-31 15:45:00-05:00,4.545000076293945,4.547500133514404,4.539999961853027,4.539999961853027,4.539999961853027,9757,0.0,0.0
2023-01-31 15:50:00-05:00,4.539999961853027,4.570000171661377,4.539999961853027,4.570000171661377,4.570000171661377,43206,0.0,0.0
2023-01-31 15:55:00-05:00,4.570000171661377,4.619999885559082,4.570000171661377,4.599999904632568,4.599999904632568,143168,0.0,0.0
2023-02-01 09:30:00-05:00,4.599999904632568,4.619999885559082,4.59499979019165,4.619999885559082,4.619999885559082,16439,0.0,0.0
2023-02-01 09:35:00-05:00,4.625,4.670000076293945,4.605000019073486,4.639999866485596,4.639999866485596,58164,0.0,0.0
2023-02-01 09:40:00-05:00,4.644999980926514,4.644999980926514,4.625,4.644999980926514,4.644999980926514,6295,0.0,0.0
2023-02-01 09:45:00-05:00,4.644999980926514,4.675000190734863,4.644999980926514,4.664999961853027,4.664999961853027,15725,0.0,0.0
2023-02-01 09:50:00-05:00,4.664999961853027,4.675000190734863,4.664999961853027,4.675000190734863,4.675000190734863,7575,0.0,0.0
2023-02-01 09:55:00-05:00,4.675000190734863,4.675000190734863,4.675000190734863,4.675000190734863,4.675000190734863,4288,0.0,0.0
2023-02-01 10:00:00-05:00,4.675000190734863,4.67549991607666,4.639999866485596,4.644999980926514,4.644999980926514,16970,0.0,0.0
2023-02-01 10:05:00-05:00,4.644999980926514,4.644999980926514,4.630000114440918,4.635000228881836,4.635000228881836,5711,0.0,0.0
2023-02-01 10:10:00-05:00,4.635000228881836,4.639999866485596,4.614999771118164,4.614999771118164,4.614999771118164,22715,0.0,0.0
2023-02-01 10:15:00-05:00,4.610000133514404,4.614999771118164,4.59499979019165,4.614999771118164,4.614999771118164,10077,0.0,0.0
2023-02-01 10:20:00-05:00,4.619999885559082,4.664999961853027,4.619999885559082,4.664999961853027,4.664999961853027,15410,0.0,0.0
2023-02-01 10:25:00-05:00,4.659999847412109,4.659999847412109,4.617199897766113,4.617199897766113,4.617199897766113,19160,0.0,0.0
2023-02-01 10:30:00-05:00,4.614999771118164,4.630000114440918,4.614999771118164,4.625,4.625,6014,0.0,0.0
2023-02-01 10:35:00-05:00,4.625,4.639999866485596,4.625,4.638999938964844,4.638999938964844,5007,0.0,0.0
2023-02-01 10:40:00-05:00,4.635000228881836,4.659999847412109,4.635000228881836,4.659999847412109,4.659999847412109,6065,0.0,0.0
2023-02-01 10:45:00-05:00,4.65500020980835,4.659999847412109,4.639999866485596,4.639999866485596,4.639999866485596,10501,0.0,0.0
2023-02-01 10:50:00-05:00,4.644999980926514,4.644999980926514,4.635000228881836,4.635000228881836,4.635000228881836,5238,0.0,0.0
2023-02-01 10:55:00-05:00,4.635000228881836,4.644999980926514,4.635000228881836,4.644999980926514,4.644999980926514,5728,0.0,0.0
2023-02-01 11:00:00-05:00,4.644999980926514,4.644999980926514,4.635000228881836,4.635000228881836,4.635000228881836,8025,0.0,0.0
2023-02-01 11:05:00-05:00,4.635000228881836,4.65500020980835,4.635000228881836,4.65500020980835,4.65500020980835,5738,0.0,0.0
2023-02-01 11:10:00-05:00,4.65500020980835,4.65500020980835,4.639999866485596,4.65500020980835,4.65500020980835,7558,0.0,0.0
2023-02-01 11:15:00-05:00,4.65500020980835,4.65500020980835,4.635000228881836,4.644999980926514,4.644999980926514,5575,0.0,0.0
2023-02-01 11:20:00-05:00,4.644999980926514,4.644999980926514,4.641300201416016,4.644999980926514,4.644999980926514,4979,0.0,0.0
2023-02-01 11:25:00-05:00,4.639999866485596,4.639999866485596,4.614999771118164,4.625,4.625,9654,0.0,0.0
2023-02-01 11:30:00-05:00,4.630000114440918,4.635000228881836,4.619999885559082,4.625,4.625,7035,0.0,0.0
2023-02-01 11:35:00-05:00,4.619999885559082,4.630000114440918,4.610000133514404,4.630000114440918,4.630000114440918,4423,0.0,0.0
2023-02-01 11:40:00-05:00,4.625,4.635000228881836,4.625,4.625,4.625,5262,0.0,0.0
2023-02-01 11:45:00-05:00,4.619999885559082,4.630000114440918,4.619999885559082,4.630000114440918,4.630000114440918,1216,0.0,0.0
2023-02-01 11:50:00-05:00,4.630000114440918,4.635000228881836,4.625,4.630000114440918,4.630000114440918,7290,0.0,0.0
2023-02-01 11:55:00-05:00,4.630000114440918,4.635000228881836,4.619999885559082,4.630000114440918,4.630000114440918,4290,0.0,0.0
2023-02-01 12:00:00-05:00,4.635000228881836,4.639900207519531,4.630000114440918,4.635000228881836,4.635000228881836,3879,0.0,0.0
2023-02-01 12:05:00-05:00,4.635000228881836,4.635000228881836,4.610000133514404,4.610000133514404,4.610000133514404,8137,0.0,0.0
2023-02-01 12:10:00-05:00,4.610000133514404,4.614999771118164,4.610000133514404,4.614999771118164,4.614999771118164,3463,0.0,0.0
2023-02-01 12:15:00-05:00,4.614999771118164,4.619999885559082,4.599999904632568,4.599999904632568,4.599999904632568,7476,0.0,0.0
2023-02-01 12:20:00-05:00,4.590000152587891,4.590000152587891,4.574999809265137,4.574999809265137,4.574999809265137,6754,0.0,0.0
2023-02-01 12:25:00-05:00,4.574999809265137,4.579999923706055,4.570000171661377,4.570000171661377,4.570000171661377,7214,0.0,0.0
2023-02-01 12:30:00-05:00,4.565000057220459,4.565000057220459,4.550000190734863,4.554999828338623,4.554999828338623,4676,0.0,0.0
2023-02-01 12:35:00-05:00,4.554999828338623,4.554999828338623,4.550000190734863,4.554999828338623,4.554999828338623,2506,0.0,0.0
2023-02-01 12:40:00-05:00,4.559999942779541,4.579999923706055,4.554999828338623,4.574999809265137,4.574999809265137,7411,0.0,0.0
2023-02-01 12:45:00-05:00,4.574999809265137,4.585000038146973,4.574999809265137,4.574999809265137,4.574999809265137,5527,0.0,0.0
2023-02-01 12:50:00-05:00,4.574999809265137,4.579999923706055,4.574999809265137,4.579999923706055,4.579999923706055,1123,0.0,0.0
2023-02-01 12:55:00-05:00,4.579999923706055,4.610000133514404,4.550000190734863,4.550000190734863,4.550000190734863,29930,0.0,0.0
2023-02-01 13:00:00-05:00,4.554999828338623,4.559999942779541,4.519999980926514,4.519999980926514,4.519999980926514,12801,0.0,0.0
2023-02-01 13:05:00-05:00,4.525000095367432,4.525000095367432,4.494999885559082,4.505000114440918,4.505000114440918,14464,0.0,0.0
2023-02-01 13:10:00-05:00,4.505000114440918,4.50600004196167,4.5,4.505000114440918,4.505000114440918,6847,0.0,0.0
2023-02-01 13:15:00-05:00,4.5,4.525000095367432,4.489999771118164,4.505000114440918,4.505000114440918,14324,0.0,0.0
2023-02-01 13:20:00-05:00,4.5,4.510000228881836,4.5,4.505000114440918,4.505000114440918,4639,0.0,0.0
2023-02-01 13:25:00-05:00,4.5,4.510000228881836,4.5,4.5,4.5,11295,0.0,0.0
2023-02-01 13:30:00-05:00,4.510000228881836,4.545000076293945,4.510000228881836,4.534999847412109,4.534999847412109,15231,0.0,0.0
2023-02-01 13:35:00-05:00,4.534999847412109,4.554999828338623,4.53000020980835,4.550000190734863,4.550000190734863,6143,0.0,0.0
2023-02-01 13:40:00-05:00,4.550000190734863,4.554999828338623,4.539999961853027,4.539999961853027,4.539999961853027,14351,0.0,0.0
2023-02-01 13:45:00-05:00,4.550000190734863,4.550000190734863,4.542500019073486,4.550000190734863,4.550000190734863,3329,0.0,0.0
2023-02-01 13:50:00-05:00,4.550000190734863,4.554999828338623,4.53000020980835,4.534999847412109,4.534999847412109,6323,0.0,0.0
2023-02-01 13:55:00-05:00,4.53000020980835,4.554999828338623,4.53000020980835,4.53000020980835,4.53000020980835,6516,0.0,0.0
2023-02-01 14:00:00-05:00,4.545000076293945,4.550000190734863,4.545000076293945,4.550000190734863,4.550000190734863,1700,0.0,0.0
2023-02-01 14:05:00-05:00,4.545000076293945,4.559999942779541,4.53000020980835,4.559999942779541,4.559999942779541,6787,0.0,0.0
2023-02-01 14:10:00-05:00,4.559999942779541,4.559999942779541,4.545000076293945,4.554999828338623,4.554999828338623,7564,0.0,0.0
2023-02-01 14:15:00-05:00,4.559999942779541,4.559999942779541,4.534999847412109,4.534999847412109,4.534999847412109,8630,0.0,0.0
2023-02-01 14:20:00-05:00,4.550000190734863,4.565000057220459,4.545000076293945,4.545000076293945,4.545000076293945,9715,0.0,0.0
2023-02-01 14:25:00-05:00,4.550000190734863,4.554999828338623,4.548600196838379,4.548600196838379,4.548600196838379,5047,0.0,0.0
2023-02-01 14:30:00-05:00,4.550000190734863,4.554999828338623,4.514999866485596,4.519999980926514,4.519999980926514,9462,0.0,0.0
2023-02-01 14:35:00-05:00,4.53000020980835,4.559999942779541,4.525000095367432,4.559999942779541,4.559999942779541,16641,0.0,0.0
2023-02-01 14:40:00-05:00,4.565000057220459,4.590000152587891,4.565000057220459,4.590000152587891,4.590000152587891,10558,0.0,0.0
2023-02-01 14:45:00-05:00,4.590000152587891,4.599999904632568,4.585000038146973,4.585000038146973,4.585000038146973,17539,0.0,0.0
2023-02-01 14:50:00-05:00,4.585000038146973,4.590000152587891,4.574999809265137,4.590000152587891,4.590000152587891,11241,0.0,0.0
2023-02-01 14:55:00-05:00,4.585000038146973,4.590000152587891,4.579999923706055,4.585000038146973,4.585000038146973,3472,0.0,0.0
2023-02-01 15:00:00-05:00,4.590000152587891,4.599999904632568,4.579999923706055,4.579999923706055,4.579999923706055,21078,0.0,0.0
2023-02-01 15:05:00-05:00,4.590000152587891,4.610000133514404,4.585000038146973,4.605000019073486,4.605000019073486,16237,0.0,0.0
2023-02-01 15:10:00-05:00,4.605000019073486,4.610000133514404,4.605000019073486,4.605000019073486,4.605000019073486,5203,0.0,0.0
2023-02-01 15:15:00-05:00,4.605000019073486,4.605000019073486,4.585000038146973,4.599999904632568,4.599999904632568,17349,0.0,0.0
2023-02-01 15:20:00-05:00,4.599999904632568,4.610000133514404,4.59499979019165,4.605000019073486,4.605000019073486,11523,0.0,0.0
2023-02-01 15:25:00-05:00,4.605000019073486,4.614999771118164,4.599999904632568,4.605000019073486,4.605000019073486,17244,0.0,0.0
2023-02-01 15:30:00-05:00,4.605000019073486,4.619900226593018,4.590000152587891,4.599999904632568,4.599999904632568,15874,0.0,0.0
2023-02-01 15:35:00-05:00,4.599999904632568,4.625,4.599999904632568,4.625,4.625,37720,0.0,0.0
2023-02-01 15:40:00-05:00,4.630000114440918,4.639999866485596,4.619999885559082,4.619999885559082,4.619999885559082,23447,0.0,0.0
2023-02-01 15:45:00-05:00,4.619999885559082,4.630000114440918,4.599999904632568,4.599999904632568,4.599999904632568,24300,0.0,0.0
2023-02-01 15:50:00-05:00,4.599999904632568,4.599999904632568,4.579999923706055,4.59499979019165,4.59499979019165,34424,0.0,0.0
2023-02-01 15:55:00-05:00,4.59499979019165,4.610000133514404,4.590000152587891,4.599999904632568,4.599999904632568,61011,0.0,0.0
2023-02-02 09:30:00-05:00,4.619999885559082,4.690000057220459,4.610000133514404,4.690000057220459,4.690000057220459,8159,0.0,0.0
2023-02-02 09:35:00-05:00,4.699999809265137,4.715000152587891,4.684999942779541,4.715000152587891,4.715000152587891,10274,0.0,0.0
2023-02-02 09:40:00-05:00,4.710000038146973,4.769999980926514,4.710000038146973,4.769999980926514,4.769999980926514,25562,0.0,0.0
2023-02-02 09:45:00-05:00,4.764999866485596,4.764999866485596,4.710000038146973,4.744999885559082,4.744999885559082,48415,0.0,0.0
2023-02-02 09:50:00-05:00,4.744999885559082,4.769999980926514,4.71999979019165,4.75,4.75,12300,0.0,0.0
2023-02-02 09:55:00-05:00,4.739999771118164,4.744999885559082,4.710100173950195,4.730000019073486,4.730000019073486,11145,0.0,0.0
2023-02-02 10:00:00-05:00,4.724999904632568,4.755000114440918,4.71999979019165,4.744999885559082,4.744999885559082,29761,0.0,0.0
2023-02-02 10:05:00-05:00,4.744999885559082,4.78000020980835,4.739999771118164,4.775000095367432,4.775000095367432,30357,0.0,0.0
2023-02-02 10:10:00-05:00,4.769999980926514,4.775000095367432,4.75,4.755000114440918,4.755000114440918,7230,0.0,0.0
2023-02-02 10:15:00-05:00,4.755000114440918,4.760000228881836,4.744999885559082,4.744999885559082,4.744999885559082,8059,0.0,0.0
2023-02-02 10:20:00-05:00,4.744999885559082,4.744999885559082,4.71999979019165,4.744999885559082,4.744999885559082,9984,0.0,0.0
2023-02-02 10:25:00-05:00,4.744999885559082,4.764999866485596,4.744999885559082,4.764999866485596,4.764999866485596,7215,0.0,0.0
2023-02-02 10:30:00-05:00,4.764999866485596,4.78000020980835,4.760000228881836,4.775000095367432,4.775000095367432,11350,0.0,0.0
2023-02-02 10:35:00-05:00,4.769999980926514,4.769999980926514,4.764999866485596,4.764999866485596,4.764999866485596,5828,0.0,0.0
2023-02-02 10:40:00-05:00,4.764999866485596,4.775000095367432,4.735000133514404,4.735000133514404,4.735000133514404,14785,0.0,0.0
2023-02-02 10:45:00-05:00,4.731100082397461,4.755000114440918,4.730000019073486,4.755000114440918,4.755000114440918,6920,0.0,0.0
2023-02-02 10:50:00-05:00,4.755000114440918,4.775000095367432,4.755000114440918,4.775000095367432,4.775000095367432,14506,0.0,0.0
2023-02-02 10:55:00-05:00,4.775000095367432,4.775000095367432,4.764999866485596,4.764999866485596,4.764999866485596,8584,0.0,0.0
2023-02-02 11:00:00-05:00,4.764999866485596,4.775000095367432,4.755000114440918,4.755000114440918,4.755000114440918,11877,0.0,0.0
2023-02-02 11:05:00-05:00,4.755000114440918,4.769999980926514,4.75,4.769999980926514,4.769999980926514,11301,0.0,0.0
2023-02-02 11:10:00-05:00,4.764999866485596,4.764999866485596,4.761000156402588,4.764999866485596,4.764999866485596,3235,0.0,0.0
2023-02-02 11:15:00-05:00,4.769999980926514,4.769999980926514,4.75,4.755000114440918,4.755000114440918,7545,0.0,0.0
2023-02-02 11:20:00-05:00,4.755000114440918,4.769999980926514,4.755000114440918,4.764999866485596,4.764999866485596,3217,0.0,0.0
2023-02-02 11:25:00-05:00,4.764999866485596,4.764999866485596,4.735000133514404,4.75,4.75,26110,0.0,0.0
2023-02-02 11:30:00-05:00,4.75,4.760000228881836,4.75,4.755000114440918,4.755000114440918,6170,0.0,0.0
2023-02-02 11:35:00-05:00,4.755000114440918,4.764999866485596,4.75,4.760000228881836,4.760000228881836,41212,0.0,0.0
2023-02-02 11:40:00-05:00,4.764999866485596,4.78000020980835,4.760000228881836,4.775000095367432,4.775000095367432,6022,0.0,0.0
2023-02-02 11:45:00-05:00,4.770100116729736,4.775000095367432,4.770100116729736,4.775000095367432,4.775000095367432,2438,0.0,0.0
2023-02-02 11:50:00-05:00,4.78000020980835,4.78000020980835,4.769999980926514,4.775000095367432,4.775000095367432,9773,0.0,0.0
2023-02-02 11:55:00-05:00,4.769999980926514,4.775000095367432,4.75,4.755000114440918,4.755000114440918,49806,0.0,0.0
2023-02-02 12:00:00-05:00,4.755000114440918,4.755000114440918,4.755000114440918,4.755000114440918,4.755000114440918,525,0.0,0.0
2023-02-02 12:05:00-05:00,4.755000114440918,4.775000095367432,4.75,4.75,4.75,21871,0.0,0.0
2023-02-02 12:10:00-05:00,4.755000114440918,4.755000114440918,4.75,4.750100135803223,4.750100135803223,11330,0.0,0.0
2023-02-02 12:15:00-05:00,4.744999885559082,4.755000114440918,4.744999885559082,4.755000114440918,4.755000114440918,2953,0.0,0.0
2023-02-02 12:20:00-05:00,4.75,4.760000228881836,4.75,4.755000114440918,4.755000114440918,1720,0.0,0.0
2023-02-02 12:25:00-05:00,4.760000228881836,4.760000228881836,4.75,4.755000114440918,4.755000114440918,3156,0.0,0.0
2023-02-02 12:30:00-05:00,4.755000114440918,4.758999824523926,4.744999885559082,4.758999824523926,4.758999824523926,6844,0.0,0.0
2023-02-02 12:35:00-05:00,4.755000114440918,4.755000114440918,4.755000114440918,4.755000114440918,4.755000114440918,1434,0.0,0.0
2023-02-02 12:40:00-05:00,4.755000114440918,4.760000228881836,4.755000114440918,4.760000228881836,4.760000228881836,1965,0.0,0.0
2023-02-02 12:45:00-05:00,4.755000114440918,4.760000228881836,4.755000114440918,4.755000114440918,4.755000114440918,1776,0.0,0.0
2023-02-02 12:50:00-05:00,4.75,4.755000114440918,4.744999885559082,4.755000114440918,4.755000114440918,8337,0.0,0.0
2023-02-02 12:55:00-05:00,4.75,4.755000114440918,4.75,4.755000114440918,4.755000114440918,1631,0.0,0.0
2023-02-02 13:00:00-05:00,4.755000114440918,4.764999866485596,4.744999885559082,4.744999885559082,4.744999885559082,13542,0.0,0.0
2023-02-02 13:05:00-05:00,4.739999771118164,4.739999771118164,4.735000133514404,4.739999771118164,4.739999771118164,2930,0.0,0.0
2023-02-02 13:10:00-05:00,4.735000133514404,4.744999885559082,4.735000133514404,4.744999885559082,4.744999885559082,7601,0.0,0.0
2023-02-02 13:15:00-05:00,4.744999885559082,4.75,4.730000019073486,4.735000133514404,4.735000133514404,26966,0.0,0.0
2023-02-02 13:20:00-05:00,4.735000133514404,4.760000228881836,4.735000133514404,4.755000114440918,4.755000114440918,21844,0.0,0.0
2023-02-02 13:25:00-05:00,4.755000114440918,4.755000114440918,4.755000114440918,4.755000114440918,4.755000114440918,6716,0.0,0.0
2023-02-02 13:30:00-05:00,4.755000114440918,4.769999980926514,4.755000114440918,4.764999866485596,4.764999866485596,12822,0.0,0.0
2023-02-02 13:35:00-05:00,4.764999866485596,4.78000020980835,4.755000114440918,4.769999980926514,4.769999980926514,25038,0.0,0.0
2023-02-02 13:40:00-05:00,4.769999980926514,4.78000020980835,4.755000114440918,4.755000114440918,4.755000114440918,5559,0.0,0.0
2023-02-02 13:45:00-05:00,4.760000228881836,4.760000228881836,4.755000114440918,4.760000228881836,4.760000228881836,1370,0.0,0.0
2023-02-02 13:50:00-05:00,4.755000114440918,4.760000228881836,4.755000114440918,4.755000114440918,4.755000114440918,2788,0.0,0.0
2023-02-02 13:55:00-05:00,4.755000114440918,4.78000020980835,4.755000114440918,4.769999980926514,4.769999980926514,13362,0.0,0.0
2023-02-02 14:00:00-05:00,4.775000095367432,4.789999961853027,4.769999980926514,4.769999980926514,4.769999980926514,19778,0.0,0.0
2023-02-02 14:05:00-05:00,4.769999980926514,4.769999980926514,4.764999866485596,4.764999866485596,4.764999866485596,3731,0.0,0.0
2023-02-02 14:10:00-05:00,4.764999866485596,4.764999866485596,4.75,4.755000114440918,4.755000114440918,12252,0.0,0.0
2023-02-02 14:15:00-05:00,4.755000114440918,4.764999866485596,4.755000114440918,4.760000228881836,4.760000228881836,4386,0.0,0.0
2023-02-02 14:20:00-05:00,4.760000228881836,4.760000228881836,4.744999885559082,4.744999885559082,4.744999885559082,4710,0.0,0.0
2023-02-02 14:25:00-05:00,4.744999885559082,4.75,4.744999885559082,4.744999885559082,4.744999885559082,3570,0.0,0.0
2023-02-02 14:30:00-05:00,4.744999885559082,4.755000114440918,4.735000133514404,4.739999771118164,4.739999771118164,32046,0.0,0.0
2023-02-02 14:35:00-05:00,4.735000133514404,4.744999885559082,4.730000019073486,4.735000133514404,4.735000133514404,16327,0.0,0.0
2023-02-02 14:40:00-05:00,4.735000133514404,4.735000133514404,4.710000038146973,4.715000152587891,4.715000152587891,21334,0.0,0.0
2023-02-02 14:45:00-05:00,4.715000152587891,4.724999904632568,4.710000038146973,4.724999904632568,4.724999904632568,4448,0.0,0.0
2023-02-02 14:50:00-05:00,4.724999904632568,4.739999771118164,4.71999979019165,4.724999904632568,4.724999904632568,11458,0.0,0.0
2023-02-02 14:55:00-05:00,4.724999904632568,4.724999904632568,4.695000171661377,4.715000152587891,4.715000152587891,15403,0.0,0.0
2023-02-02 15:00:00-05:00,4.715000152587891,4.71999979019165,4.704999923706055,4.704999923706055,4.704999923706055,11708,0.0,0.0
2023-02-02 15:05:00-05:00,4.704999923706055,4.730000019073486,4.704999923706055,4.715000152587891,4.715000152587891,9860,0.0,0.0
2023-02-02 15:10:00-05:00,4.71999979019165,4.744999885559082,4.71999979019165,4.735000133514404,4.735000133514404,20655,0.0,0.0
2023-02-02 15:15:00-05:00,4.735000133514404,4.739999771118164,4.735000133514404,4.735000133514404,4.735000133514404,7066,0.0,0.0
2023-02-02 15:20:00-05:00,4.739999771118164,4.75,4.735000133514404,4.735000133514404,4.735000133514404,14887,0.0,0.0
2023-02-02 15:25:00-05:00,4.735000133514404,4.75,4.715000152587891,4.724999904632568,4.724999904632568,22098,0.0,0.0
2023-02-02 15:30:00-05:00,4.724999904632568,4.730000019073486,4.71999979019165,4.724999904632568,4.724999904632568,11392,0.0,0.0
2023-02-02 15:35:00-05:00,4.730000019073486,4.738399982452393,4.704999923706055,4.704999923706055,4.704999923706055,25501,0.0,0.0
2023-02-02 15:40:00-05:00,4.710000038146973,4.724999904632568,4.710000038146973,4.724999904632568,4.724999904632568,25182,0.0,0.0
2023-02-02 15:45:00-05:00,4.71999979019165,4.724999904632568,4.710000038146973,4.715000152587891,4.715000152587891,31690,0.0,0.0
2023-02-02 15:50:00-05:00,4.715000152587891,4.739999771118164,4.710000038146973,4.724999904632568,4.724999904632568,62718,0.0,0.0
2023-02-02 15:55:00-05:00,4.724999904632568,4.760000228881836,4.71999979019165,4.755000114440918,4.755000114440918,90186,0.0,0.0
2023-02-03 09:30:00-05:00,4.690000057220459,4.75,4.690000057220459,4.730000019073486,4.730000019073486,5817,0.0,0.0
2023-02-03 09:35:00-05:00,4.75,4.769999980926514,4.75,4.769999980926514,4.769999980926514,3154,0.0,0.0
2023-02-03 09:40:00-05:00,4.769999980926514,4.769999980926514,4.744999885559082,4.744999885559082,4.744999885559082,2747,0.0,0.0
2023-02-03 09:45:00-05:00,4.730000019073486,4.75,4.724999904632568,4.75,4.75,2697,0.0,0.0
2023-02-03 09:50:00-05:00,4.739999771118164,4.75,4.739999771118164,4.739999771118164,4.739999771118164,5500,0.0,0.0
2023-02-03 09:55:00-05:00,4.739999771118164,4.75,4.730000019073486,4.739999771118164,4.739999771118164,3422,0.0,0.0
2023-02-03 10:00:00-05:00,4.739999771118164,4.739999771118164,4.704999923706055,4.730000019073486,4.730000019073486,8084,0.0,0.0
2023-02-03 10:05:00-05:00,4.71999979019165,4.744999885559082,4.71999979019165,4.744999885559082,4.744999885559082,4106,0.0,0.0
2023-02-03 10:10:00-05:00,4.744999885559082,4.75,4.735000133514404,4.75,4.75,1761,0.0,0.0
2023-02-03 10:15:00-05:00,4.755000114440918,4.775000095367432,4.755000114440918,4.760000228881836,4.760000228881836,5327,0.0,0.0
2023-02-03 10:20:00-05:00,4.760000228881836,4.760000228881836,4.750800132751465,4.755000114440918,4.755000114440918,3783,0.0,0.0
2023-02-03 10:25:00-05:00,4.755000114440918,4.760000228881836,4.75,4.75,4.75,3360,0.0,0.0
2023-02-03 10:30:00-05:00,4.760000228881836,4.760000228881836,4.744999885559082,4.755000114440918,4.755000114440918,1966,0.0,0.0
2023-02-03 10:35:00-05:00,4.755000114440918,4.760000228881836,4.75,4.755000114440918,4.755000114440918,3415,0.0,0.0
2023-02-03 10:40:00-05:00,4.75,4.769999980926514,4.744999885559082,4.769999980926514,4.769999980926514,3864,0.0,0.0
2023-02-03 10:45:00-05:00,4.769899845123291,4.769999980926514,4.755000114440918,4.760000228881836,4.760000228881836,6563,0.0,0.0
2023-02-03 10:50:00-05:00,4.755000114440918,4.760000228881836,4.75,4.75,4.75,3063,0.0,0.0
2023-02-03 10:55:00-05:00,4.75,4.755000114440918,4.744999885559082,4.75,4.75,4510,0.0,0.0
2023-02-03 11:00:00-05:00,4.755000114440918,4.769999980926514,4.755000114440918,4.760000228881836,4.760000228881836,3094,0.0,0.0
2023-02-03 11:05:00-05:00,4.760000228881836,4.769999980926514,4.755000114440918,4.755000114440918,4.755000114440918,3843,0.0,0.0
2023-02-03 11:10:00-05:00,4.755000114440918,4.760000228881836,4.75,4.755000114440918,4.755000114440918,2919,0.0,0.0
2023-02-03 11:15:00-05:00,4.75,4.760000228881836,4.75,4.75,4.75,886,0.0,0.0
2023-02-03 11:20:00-05:00,4.755000114440918,4.760000228881836,4.75,4.75,4.75,5627,0.0,0.0
2023-02-03 11:25:00-05:00,4.75,4.75,4.739999771118164,4.739999771118164,4.739999771118164,3497,0.0,0.0
2023-02-03 11:30:00-05:00,4.75,4.75,4.730000019073486,4.75,4.75,15330,0.0,0.0
2023-02-03 11:35:00-05:00,4.75,4.75,4.735000133514404,4.735000133514404,4.735000133514404,3332,0.0,0.0
2023-02-03 11:40:00-05:00,4.735000133514404,4.735000133514404,4.730000019073486,4.730000019073486,4.730000019073486,7373,0.0,0.0
2023-02-03 11:45:00-05:00,4.730000019073486,4.735000133514404,4.715000152587891,4.715000152587891,4.715000152587891,3258,0.0,0.0
2023-02-03 11:50:00-05:00,4.715000152587891,4.724999904632568,4.710000038146973,4.71999979019165,4.71999979019165,11446,0.0,0.0
2023-02-03 11:55:00-05:00,4.715000152587891,4.715000152587891,4.704999923706055,4.704999923706055,4.704999923706055,3661,0.0,0.0
2023-02-03 12:00:00-05:00,4.704999923706055,4.71999979019165,4.704999923706055,4.715000152587891,4.715000152587891,3758,0.0,0.0
2023-02-03 12:05:00-05:00,4.71999979019165,4.724999904632568,4.715000152587891,4.715000152587891,4.715000152587891,11742,0.0,0.0
2023-02-03 12:10:00-05:00,4.715000152587891,4.71999979019165,4.704999923706055,4.710000038146973,4.710000038146973,6154,0.0,0.0
2023-02-03 12:15:00-05:00,4.715000152587891,4.718500137329102,4.710000038146973,4.710000038146973,4.710000038146973,980,0.0,0.0
2023-02-03 12:20:00-05:00,4.715000152587891,4.71999979019165,4.715000152587891,4.715000152587891,4.715000152587891,2365,0.0,0.0
2023-02-03 12:25:00-05:00,4.715000152587891,4.724999904632568,4.710000038146973,4.71999979019165,4.71999979019165,14589,0.0,0.0
2023-02-03 12:30:00-05:00,4.71999979019165,4.724999904632568,4.710000038146973,4.710000038146973,4.710000038146973,8151,0.0,0.0
2023-02-03 12:35:00-05:00,4.710000038146973,4.71999979019165,4.710000038146973,4.715000152587891,4.715000152587891,3409,0.0,0.0
2023-02-03 12:40:00-05:00,4.715000152587891,4.715000152587891,4.715000152587891,4.715000152587891,4.715000152587891,321,0.0,0.0
2023-02-03 12:45:00-05:00,4.715000152587891,4.715000152587891,4.710000038146973,4.715000152587891,4.715000152587891,971,0.0,0.0
2023-02-03 12:50:00-05:00,4.710000038146973,4.710000038146973,4.704999923706055,4.704999923706055,4.704999923706055,3515,0.0,0.0
2023-02-03 12:55:00-05:00,4.710000038146973,4.710000038146973,4.695000171661377,4.695000171661377,4.695000171661377,5718,0.0,0.0
2023-02-03 13:00:00-05:00,4.690000057220459,4.690000057220459,4.675000190734863,4.679999828338623,4.679999828338623,7369,0.0,0.0
2023-02-03 13:05:00-05:00,4.684999942779541,4.684999942779541,4.679999828338623,4.679999828338623,4.679999828338623,1991,0.0,0.0
2023-02-03 13:10:00-05:00,4.675000190734863,4.675000190734863,4.670100212097168,4.670100212097168,4.670100212097168,1046,0.0,0.0
2023-02-03 13:15:00-05:00,4.670000076293945,4.679999828338623,4.664999961853027,4.675000190734863,4.675000190734863,3309,0.0,0.0
2023-02-03 13:20:00-05:00,4.675000190734863,4.675000190734863,4.675000190734863,4.675000190734863,4.675000190734863,281,0.0,0.0
2023-02-03 13:25:00-05:00,4.674200057983398,4.674200057983398,4.670000076293945,4.670000076293945,4.670000076293945,2165,0.0,0.0
2023-02-03 13:30:00-05:00,4.664999961853027,4.679999828338623,4.664999961853027,4.675000190734863,4.675000190734863,3497,0.0,0.0
2023-02-03 13:35:00-05:00,4.675000190734863,4.690000057220459,4.675000190734863,4.690000057220459,4.690000057220459,4544,0.0,0.0
2023-02-03 13:40:00-05:00,4.690000057220459,4.699999809265137,4.684999942779541,4.684999942779541,4.684999942779541,8610,0.0,0.0
2023-02-03 13:45:00-05:00,4.679999828338623,4.679999828338623,4.675000190734863,4.675000190734863,4.675000190734863,3041,0.0,0.0
2023-02-03 13:50:00-05:00,4.675000190734863,4.679999828338623,4.675000190734863,4.675000190734863,4.675000190734863,1137,0.0,0.0
2023-02-03 13:55:00-05:00,4.675000190734863,4.679999828338623,4.664999961853027,4.664999961853027,4.664999961853027,2952,0.0,0.0
2023-02-03 14:00:00-05:00,4.664999961853027,4.670000076293945,4.664999961853027,4.664999961853027,4.664999961853027,1532,0.0,0.0
2023-02-03 14:05:00-05:00,4.664999961853027,4.670000076293945,4.659999847412109,4.659999847412109,4.659999847412109,2174,0.0,0.0
2023-02-03 14:10:00-05:00,4.664999961853027,4.664999961853027,4.65500020980835,4.659999847412109,4.659999847412109,44797,0.0,0.0
2023-02-03 14:15:00-05:00,4.659999847412109,4.659999847412109,4.65500020980835,4.659999847412109,4.659999847412109,8360,0.0,0.0
2023-02-03 14:20:00-05:00,4.664999961853027,4.664999961853027,4.639999866485596,4.644999980926514,4.644999980926514,6918,0.0,0.0
2023-02-03 14:25:00-05:00,4.644999980926514,4.659999847412109,4.644999980926514,4.65500020980835,4.65500020980835,7356,0.0,0.0
2023-02-03 14:30:00-05:00,4.65500020980835,4.65500020980835,4.644999980926514,4.65500020980835,4.65500020980835,6898,0.0,0.0
2023-02-03 14:35:00-05:00,4.650000095367432,4.670000076293945,4.650000095367432,4.659999847412109,4.659999847412109,3601,0.0,0.0
2023-02-03 14:40:00-05:00,4.664999961853027,4.664999961853027,4.659999847412109,4.659999847412109,4.659999847412109,1501,0.0,0.0
2023-02-03 14:45:00-05:00,4.664999961853027,4.664999961853027,4.659999847412109,4.659999847412109,4.659999847412109,1361,0.0,0.0
2023-02-03 14:50:00-05:00,4.664999961853027,4.670000076293945,4.65500020980835,4.664999961853027,4.664999961853027,6592,0.0,0.0
2023-02-03 14:55:00-05:00,4.664999961853027,4.664999961853027,4.659999847412109,4.664999961853027,4.664999961853027,1104,0.0,0.0
2023-02-03 15:00:00-05:00,4.659999847412109,4.659999847412109,4.650000095367432,4.65500020980835,4.65500020980835,7111,0.0,0.0
2023-02-03 15:05:00-05:00,4.65500020980835,4.675000190734863,4.65500020980835,4.670000076293945,4.670000076293945,5304,0.0,0.0
2023-02-03 15:10:00-05:00,4.670000076293945,4.690000057220459,4.664999961853027,4.679999828338623,4.679999828338623,7537,0.0,0.0
2023-02-03 15:15:00-05:00,4.684999942779541,4.699999809265137,4.679999828338623,4.684999942779541,4.684999942779541,8112,0.0,0.0
2023-02-03 15:20:00-05:00,4.684999942779541,4.684999942779541,4.675000190734863,4.684999942779541,4.684999942779541,5201,0.0,0.0
2023-02-03 15:25:00-05:00,4.690000057220459,4.690000057220459,4.679999828338623,4.679999828338623,4.679999828338623,3922,0.0,0.0
2023-02-03 15:30:00-05:00,4.684999942779541,4.699999809265137,4.684999942779541,4.684999942779541,4.684999942779541,7285,0.0,0.0
2023-02-03 15:35:00-05:00,4.684999942779541,4.690000057220459,4.684999942779541,4.684999942779541,4.684999942779541,3020,0.0,0.0
2023-02-03 15:40:00-05:00,4.684999942779541,4.690000057220459,4.679999828338623,4.690000057220459,4.690000057220459,8384,0.0,0.0
2023-02-03 15:45:00-05:00,4.690000057220459,4.699999809265137,4.684999942779541,4.695000171661377,4.695000171661377,10807,0.0,0.0
2023-02-03 15:50:00-05:00,4.690000057220459,4.699999809265137,4.679999828338623,4.690000057220459,4.690000057220459,32733,0.0,0.0
2023-02-03 15:55:00-05:00,4.679999828338623,4.699999809265137,4.679999828338623,4.690000057220459,4.690000057220459,75410,0.0,0.0
2023-02-06 09:30:00-05:00,4.699999809265137,4.699999809265137,4.639999866485596,4.659999847412109,4.659999847412109,11011,0.0,0.0
2023-02-06 09:35:00-05:00,4.6595001220703125,4.679999828338623,4.639999866485596,4.678999900817871,4.678999900817871,8709,0.0,0.0
2023-02-06 09:40:00-05:00,4.679999828338623,4.679999828338623,4.639999866485596,4.65500020980835,4.65500020980835,12663,0.0,0.0
2023-02-06 09:45:00-05:00,4.65500020980835,4.675000190734863,4.65500020980835,4.65500020980835,4.65500020980835,9611,0.0,0.0
2023-02-06 09:50:00-05:00,4.650000095367432,4.659900188446045,4.639999866485596,4.659900188446045,4.659900188446045,6779,0.0,0.0
2023-02-06 09:55:00-05:00,4.65500020980835,4.659999847412109,4.639999866485596,4.639999866485596,4.639999866485596,12591,0.0,0.0
2023-02-06 10:00:00-05:00,4.639999866485596,4.65500020980835,4.635000228881836,4.639999866485596,4.639999866485596,8269,0.0,0.0
2023-02-06 10:05:00-05:00,4.635000228881836,4.635000228881836,4.619999885559082,4.635000228881836,4.635000228881836,6266,0.0,0.0
2023-02-06 10:10:00-05:00,4.630000114440918,4.630000114440918,4.630000114440918,4.630000114440918,4.630000114440918,1614,0.0,0.0
2023-02-06 10:15:00-05:00,4.630000114440918,4.639999866485596,4.630000114440918,4.639999866485596,4.639999866485596,2139,0.0,0.0
2023-02-06 10:20:00-05:00,4.635000228881836,4.635000228881836,4.635000228881836,4.635000228881836,4.635000228881836,3182,0.0,0.0
2023-02-06 10:25:00-05:00,4.630000114440918,4.630000114440918,4.619999885559082,4.619999885559082,4.619999885559082,3414,0.0,0.0
2023-02-06 10:30:00-05:00,4.625,4.644999980926514,4.619999885559082,4.630000114440918,4.630000114440918,14678,0.0,0.0
2023-02-06 10:35:00-05:00,4.639999866485596,4.639999866485596,4.635000228881836,4.639999866485596,4.639999866485596,3172,0.0,0.0
2023-02-06 10:40:00-05:00,4.639999866485596,4.639999866485596,4.639999866485596,4.639999866485596,4.639999866485596,1593,0.0,0.0
2023-02-06 10:45:00-05:00,4.635000228881836,4.638999938964844,4.630000114440918,4.638999938964844,4.638999938964844,2870,0.0,0.0
2023-02-06 10:50:00-05:00,4.63700008392334,4.639999866485596,4.635000228881836,4.635000228881836,4.635000228881836,1126,0.0,0.0
2023-02-06 10:55:00-05:00,4.635000228881836,4.644999980926514,4.635000228881836,4.639999866485596,4.639999866485596,3192,0.0,0.0
2023-02-06 11:00:00-05:00,4.630000114440918,4.630000114440918,4.619999885559082,4.625,4.625,7015,0.0,0.0
2023-02-06 11:05:00-05:00,4.630000114440918,4.630000114440918,4.619999885559082,4.625,4.625,4667,0.0,0.0
2023-02-06 11:10:00-05:00,4.625,4.625,4.619999885559082,4.625,4.625,3333,0.0,0.0
2023-02-06 11:15:00-05:00,4.625,4.630000114440918,4.619999885559082,4.625,4.625,6015,0.0,0.0
2023-02-06 11:20:00-05:00,4.625,4.630000114440918,4.622499942779541,4.622499942779541,4.622499942779541,1114,0.0,0.0
2023-02-06 11:25:00-05:00,4.625,4.630000114440918,4.619999885559082,4.619999885559082,4.619999885559082,3163,0.0,0.0
2023-02-06 11:30:00-05:00,4.619999885559082,4.619999885559082,4.590000152587891,4.599999904632568,4.599999904632568,29375,0.0,0.0
2023-02-06 11:35:00-05:00,4.59499979019165,4.59499979019165,4.574999809265137,4.579999923706055,4.579999923706055,19600,0.0,0.0
2023-02-06 11:40:00-05:00,4.579999923706055,4.585000038146973,4.570000171661377,4.570000171661377,4.570000171661377,11674,0.0,0.0
2023-02-06 11:45:00-05:00,4.574999809265137,4.579999923706055,4.559999942779541,4.559999942779541,4.559999942779541,17909,0.0,0.0
2023-02-06 11:50:00-05:00,4.559999942779541,4.559999942779541,4.550000190734863,4.550000190734863,4.550000190734863,15339,0.0,0.0
2023-02-06 11:55:00-05:00,4.550000190734863,4.554999828338623,4.539999961853027,4.550000190734863,4.550000190734863,18488,0.0,0.0
2023-02-06 12:00:00-05:00,4.550000190734863,4.554999828338623,4.550000190734863,4.554999828338623,4.554999828338623,7269,0.0,0.0
2023-02-06 12:05:00-05:00,4.550000190734863,4.570000171661377,4.539999961853027,4.570000171661377,4.570000171661377,15503,0.0,0.0
2023-02-06 12:10:00-05:00,4.570000171661377,4.574999809265137,4.570000171661377,4.574999809265137,4.574999809265137,2723,0.0,0.0
2023-02-06 12:15:00-05:00,4.570000171661377,4.570000171661377,4.539999961853027,4.550000190734863,4.550000190734863,18697,0.0,0.0
2023-02-06 12:20:00-05:00,4.539999961853027,4.565000057220459,4.539999961853027,4.559999942779541,4.559999942779541,7828,0.0,0.0
2023-02-06 12:25:00-05:00,4.559999942779541,4.559999942779541,4.559999942779541,4.559999942779541,4.559999942779541,1223,0.0,0.0
2023-02-06 12:30:00-05:00,4.570000171661377,4.579999923706055,4.570000171661377,4.574999809265137,4.574999809265137,7210,0.0,0.0
2023-02-06 12:35:00-05:00,4.570000171661377,4.574999809265137,4.570000171661377,4.570000171661377,4.570000171661377,7875,0.0,0.0
2023-02-06 12:40:00-05:00,4.565000057220459,4.565000057220459,4.559999942779541,4.559999942779541,4.559999942779541,4390,0.0,0.0
2023-02-06 12:45:00-05:00,4.550000190734863,4.570000171661377,4.550000190734863,4.570000171661377,4.570000171661377,9877,0.0,0.0
2023-02-06 12:50:00-05:00,4.570000171661377,4.570000171661377,4.559999942779541,4.570000171661377,4.570000171661377,16445,0.0,0.0
2023-02-06 12:55:00-05:00,4.570000171661377,4.574999809265137,4.570000171661377,4.574999809265137,4.574999809265137,200,0.0,0.0
2023-02-06 13:00:00-05:00,4.574999809265137,4.579999923706055,4.565000057220459,4.579999923706055,4.579999923706055,7601,0.0,0.0
2023-02-06 13:05:00-05:00,4.579999923706055,4.579999923706055,4.565000057220459,4.574999809265137,4.574999809265137,7914,0.0,0.0
2023-02-06 13:10:00-05:00,4.574999809265137,4.585000038146973,4.565000057220459,4.579999923706055,4.579999923706055,13586,0.0,0.0
2023-02-06 13:15:00-05:00,4.579999923706055,4.590000152587891,4.579999923706055,4.58489990234375,4.58489990234375,11679,0.0,0.0
2023-02-06 13:20:00-05:00,4.579999923706055,4.579999923706055,4.559999942779541,4.559999942779541,4.559999942779541,8146,0.0,0.0
2023-02-06 13:25:00-05:00,4.559999942779541,4.565000057220459,4.550000190734863,4.550000190734863,4.550000190734863,11315,0.0,0.0
2023-02-06 13:30:00-05:00,4.550000190734863,4.554999828338623,4.545000076293945,4.554999828338623,4.554999828338623,10350,0.0,0.0
2023-02-06 13:35:00-05:00,4.550000190734863,4.565000057220459,4.550000190734863,4.554999828338623,4.554999828338623,17313,0.0,0.0
2023-02-06 13:40:00-05:00,4.554999828338623,4.559999942779541,4.554999828338623,4.559999942779541,4.559999942779541,2168,0.0,0.0
2023-02-06 13:45:00-05:00,4.550000190734863,4.556000232696533,4.539999961853027,4.539999961853027,4.539999961853027,5156,0.0,0.0
2023-02-06 13:50:00-05:00,4.539999961853027,4.550000190734863,4.534999847412109,4.539999961853027,4.539999961853027,16741,0.0,0.0
2023-02-06 13:55:00-05:00,4.545000076293945,4.550000190734863,4.545000076293945,4.550000190734863,4.550000190734863,1391,0.0,0.0
2023-02-06 14:00:00-05:00,4.550000190734863,4.550000190734863,4.53000020980835,4.53000020980835,4.53000020980835,8967,0.0,0.0
2023-02-06 14:05:00-05:00,4.53000020980835,4.554999828338623,4.53000020980835,4.554999828338623,4.554999828338623,25220,0.0,0.0
2023-02-06 14:10:00-05:00,4.554999828338623,4.559999942779541,4.550000190734863,4.554999828338623,4.554999828338623,4814,0.0,0.0
2023-02-06 14:15:00-05:00,4.554999828338623,4.554999828338623,4.550000190734863,4.550000190734863,4.550000190734863,3166,0.0,0.0
2023-02-06 14:20:00-05:00,4.550000190734863,4.550000190734863,4.539999961853027,4.539999961853027,4.539999961853027,8118,0.0,0.0
2023-02-06 14:25:00-05:00,4.539999961853027,4.550000190734863,4.53000020980835,4.539999961853027,4.539999961853027,22824,0.0,0.0
2023-02-06 14:30:00-05:00,4.539999961853027,4.545000076293945,4.539999961853027,4.539999961853027,4.539999961853027,8527,0.0,0.0
2023-02-06 14:35:00-05:00,4.539999961853027,4.545000076293945,4.534999847412109,4.539999961853027,4.539999961853027,3926,0.0,0.0
2023-02-06 14:40:00-05:00,4.53000020980835,4.565000057220459,4.53000020980835,4.565000057220459,4.565000057220459,18686,0.0,0.0
2023-02-06 14:45:00-05:00,4.565000057220459,4.565000057220459,4.539999961853027,4.550000190734863,4.550000190734863,13000,0.0,0.0
2023-02-06 14:50:00-05:00,4.539999961853027,4.545000076293945,4.539999961853027,4.545000076293945,4.545000076293945,1748,0.0,0.0
2023-02-06 14:55:00-05:00,4.539999961853027,4.545000076293945,4.539999961853027,4.545000076293945,4.545000076293945,7869,0.0,0.0
2023-02-06 15:00:00-05:00,4.545000076293945,4.554999828338623,4.545000076293945,4.554999828338623,4.554999828338623,5150,0.0,0.0
2023-02-06 15:05:00-05:00,4.550000190734863,4.550000190734863,4.539999961853027,4.545000076293945,4.545000076293945,4480,0.0,0.0
2023-02-06 15:10:00-05:00,4.545000076293945,4.545000076293945,4.539999961853027,4.545000076293945,4.545000076293945,3585,0.0,0.0
2023-02-06 15:15:00-05:00,4.539999961853027,4.545000076293945,4.534999847412109,4.545000076293945,4.545000076293945,5121,0.0,0.0
2023-02-06 15:20:00-05:00,4.545000076293945,4.554999828338623,4.534999847412109,4.550000190734863,4.550000190734863,12768,0.0,0.0
2023-02-06 15:25:00-05:00,4.554999828338623,4.554999828338623,4.550000190734863,4.553800106048584,4.553800106048584,3167,0.0,0.0
2023-02-06 15:30:00-05:00,4.550000190734863,4.550000190734863,4.539999961853027,4.545000076293945,4.545000076293945,6677,0.0,0.0
2023-02-06 15:35:00-05:00,4.539999961853027,4.545000076293945,4.539999961853027,4.539999961853027,4.539999961853027,5257,0.0,0.0
2023-02-06 15:40:00-05:00,4.539999961853027,4.545000076293945,4.519999980926514,4.520100116729736,4.520100116729736,18020,0.0,0.0
2023-02-06 15:45:00-05:00,4.525000095367432,4.539999961853027,4.525000095367432,4.539899826049805,4.539899826049805,9697,0.0,0.0
2023-02-06 15:50:00-05:00,4.53000020980835,4.550000190734863,4.53000020980835,4.534999847412109,4.534999847412109,40341,0.0,0.0
2023-02-06 15:55:00-05:00,4.534999847412109,4.538300037384033,4.489999771118164,4.53000020980835,4.53000020980835,131443,0.0,0.0
2023-02-07 09:30:00-05:00,4.519999980926514,4.519999980926514,4.46999979019165,4.510000228881836,4.510000228881836,10122,0.0,0.0
2023-02-07 09:35:00-05:00,4.510000228881836,4.510000228881836,4.489999771118164,4.510000228881836,4.510000228881836,6353,0.0,0.0
2023-02-07 09:40:00-05:00,4.519999980926514,4.53000020980835,4.510000228881836,4.519999980926514,4.519999980926514,5550,0.0,0.0
2023-02-07 09:45:00-05:00,4.510000228881836,4.514999866485596,4.510000228881836,4.514999866485596,4.514999866485596,1239,0.0,0.0
2023-02-07 09:50:00-05:00,4.519999980926514,4.520100116729736,4.510000228881836,4.519999980926514,4.519999980926514,4551,0.0,0.0
2023-02-07 09:55:00-05:00,4.53000020980835,4.53000020980835,4.519999980926514,4.519999980926514,4.519999980926514,2257,0.0,0.0
2023-02-07 10:00:00-05:00,4.525000095367432,4.53000020980835,4.519999980926514,4.53000020980835,4.53000020980835,1370,0.0,0.0
2023-02-07 10:05:00-05:00,4.534999847412109,4.534999847412109,4.514999866485596,4.514999866485596,4.514999866485596,3674,0.0,0.0
2023-02-07 10:10:00-05:00,4.510000228881836,4.519999980926514,4.510000228881836,4.519999980926514,4.519999980926514,2376,0.0,0.0
2023-02-07 10:15:00-05:00,4.514999866485596,4.519999980926514,4.514999866485596,4.519999980926514,4.519999980926514,1323,0.0,0.0
2023-02-07 10:20:00-05:00,4.53000020980835,4.545000076293945,4.53000020980835,4.53000020980835,4.53000020980835,3069,0.0,0.0
2023-02-07 10:25:00-05:00,4.53000020980835,4.53000020980835,4.494999885559082,4.510000228881836,4.510000228881836,10115,0.0,0.0
2023-02-07 10:30:00-05:00,4.514999866485596,4.53000020980835,4.510000228881836,4.53000020980835,4.53000020980835,10531,0.0,0.0
2023-02-07 10:35:00-05:00,4.53000020980835,4.554999828338623,4.53000020980835,4.550000190734863,4.550000190734863,5282,0.0,0.0
2023-02-07 10:40:00-05:00,4.550000190734863,4.554999828338623,4.545000076293945,4.550000190734863,4.550000190734863,5758,0.0,0.0
2023-02-07 10:45:00-05:00,4.554999828338623,4.554999828338623,4.554999828338623,4.554999828338623,4.554999828338623,538,0.0,0.0
2023-02-07 10:50:00-05:00,4.559999942779541,4.565000057220459,4.550000190734863,4.550000190734863,4.550000190734863,4444,0.0,0.0
2023-02-07 10:55:00-05:00,4.550000190734863,4.550000190734863,4.550000190734863,4.550000190734863,4.550000190734863,2771,0.0,0.0
2023-02-07 11:00:00-05:00,4.559999942779541,4.565000057220459,4.545000076293945,4.550000190734863,4.550000190734863,3363,0.0,0.0
2023-02-07 11:05:00-05:00,4.550000190734863,4.550000190734863,4.540500164031982,4.550000190734863,4.550000190734863,11215,0.0,0.0
2023-02-07 11:10:00-05:00,4.550000190734863,4.550000190734863,4.545000076293945,4.545000076293945,4.545000076293945,1726,0.0,0.0
2023-02-07 11:15:00-05:00,4.545000076293945,4.550000190734863,4.545000076293945,4.550000190734863,4.550000190734863,3657,0.0,0.0
2023-02-07 11:20:00-05:00,4.539999961853027,4.539999961853027,4.53000020980835,4.53000020980835,4.53000020980835,6217,0.0,0.0
2023-02-07 11:25:00-05:00,4.534999847412109,4.534999847412109,4.53000020980835,4.534999847412109,4.534999847412109,3376,0.0,0.0
2023-02-07 11:30:00-05:00,4.539999961853027,4.550000190734863,4.539999961853027,4.550000190734863,4.550000190734863,2547,0.0,0.0
2023-02-07 11:35:00-05:00,4.545000076293945,4.550000190734863,4.545000076293945,4.550000190734863,4.550000190734863,5494,0.0,0.0
2023-02-07 11:40:00-05:00,4.545000076293945,4.550000190734863,4.534999847412109,4.534999847412109,4.534999847412109,4545,0.0,0.0
2023-02-07 11:45:00-05:00,4.534999847412109,4.534999847412109,4.525000095367432,4.525000095367432,4.525000095367432,3304,0.0,0.0
2023-02-07 11:50:00-05:00,4.519999980926514,4.53000020980835,4.519999980926514,4.522500038146973,4.522500038146973,1194,0.0,0.0
2023-02-07 11:55:00-05:00,4.525000095367432,4.525000095367432,4.514999866485596,4.514999866485596,4.514999866485596,1843,0.0,0.0
2023-02-07 12:00:00-05:00,4.514999866485596,4.515500068664551,4.5100998878479,4.514999866485596,4.514999866485596,3234,0.0,0.0
2023-02-07 12:05:00-05:00,4.514999866485596,4.514999866485596,4.494999885559082,4.505000114440918,4.505000114440918,5999,0.0,0.0
2023-02-07 12:10:00-05:00,4.5,4.505000114440918,4.494999885559082,4.505000114440918,4.505000114440918,2502,0.0,0.0
2023-02-07 12:15:00-05:00,4.505000114440918,4.514999866485596,4.494999885559082,4.505000114440918,4.505000114440918,13026,0.0,0.0
2023-02-07 12:20:00-05:00,4.505000114440918,4.505000114440918,4.5,4.5,4.5,1457,0.0,0.0
2023-02-07 12:25:00-05:00,4.505000114440918,4.505000114440918,4.5,4.5,4.5,1436,0.0,0.0
2023-02-07 12:30:00-05:00,4.505000114440918,4.505000114440918,4.5,4.5,4.5,3438,0.0,0.0
2023-02-07 12:35:00-05:00,4.5,4.5,4.494999885559082,4.5,4.5,3646,0.0,0.0
2023-02-07 12:40:00-05:00,4.489999771118164,4.514999866485596,4.489999771118164,4.510000228881836,4.510000228881836,5254,0.0,0.0
2023-02-07 12:45:00-05:00,4.514999866485596,4.534999847412109,4.514999866485596,4.534999847412109,4.534999847412109,4121,0.0,0.0
2023-02-07 12:50:00-05:00,4.53000020980835,4.545000076293945,4.53000020980835,4.545000076293945,4.545000076293945,2144,0.0,0.0
2023-02-07 12:55:00-05:00,4.545000076293945,4.550000190734863,4.539999961853027,4.545000076293945,4.545000076293945,5803,0.0,0.0
2023-02-07 13:00:00-05:00,4.550000190734863,4.550000190734863,4.519999980926514,4.519999980926514,4.519999980926514,10947,0.0,0.0
2023-02-07 13:05:00-05:00,4.510000228881836,4.514999866485596,4.510000228881836,4.510000228881836,4.510000228881836,2357,0.0,0.0
2023-02-07 13:10:00-05:00,4.510000228881836,4.519999980926514,4.5,4.5,4.5,9083,0.0,0.0
2023-02-07 13:15:00-05:00,4.5,4.510000228881836,4.494999885559082,4.510000228881836,4.510000228881836,5923,0.0,0.0
2023-02-07 13:20:00-05:00,4.510000228881836,4.510000228881836,4.489999771118164,4.489999771118164,4.489999771118164,5130,0.0,0.0
2023-02-07 13:25:00-05:00,4.5,4.510000228881836,4.480000019073486,4.480000019073486,4.480000019073486,3271,0.0,0.0
2023-02-07 13:30:00-05:00,4.480000019073486,4.480000019073486,4.449999809265137,4.449999809265137,4.449999809265137,5120,0.0,0.0
2023-02-07 13:35:00-05:00,4.449999809265137,4.480000019073486,4.449999809265137,4.474999904632568,4.474999904632568,11074,0.0,0.0
2023-02-07 13:40:00-05:00,4.474999904632568,4.480000019073486,4.454999923706055,4.454999923706055,4.454999923706055,6462,0.0,0.0
2023-02-07 13:45:00-05:00,4.460000038146973,4.460000038146973,4.445000171661377,4.449999809265137,4.449999809265137,13991,0.0,0.0
2023-02-07 13:50:00-05:00,4.454999923706055,4.460000038146973,4.454999923706055,4.460000038146973,4.460000038146973,2220,0.0,0.0
2023-02-07 13:55:00-05:00,4.465000152587891,4.46999979019165,4.465000152587891,4.46999979019165,4.46999979019165,1761,0.0,0.0
2023-02-07 14:00:00-05:00,4.46999979019165,4.489999771118164,4.46999979019165,4.480000019073486,4.480000019073486,2963,0.0,0.0
2023-02-07 14:05:00-05:00,4.480000019073486,4.5,4.474999904632568,4.494999885559082,4.494999885559082,4339,0.0,0.0
2023-02-07 14:10:00-05:00,4.494999885559082,4.5,4.494999885559082,4.494999885559082,4.494999885559082,3566,0.0,0.0
2023-02-07 14:15:00-05:00,4.5,4.505000114440918,4.489999771118164,4.489999771118164,4.489999771118164,5039,0.0,0.0
2023-02-07 14:20:00-05:00,4.494999885559082,4.494999885559082,4.483099937438965,4.494999885559082,4.494999885559082,3265,0.0,0.0
2023-02-07 14:25:00-05:00,4.494999885559082,4.494999885559082,4.485000133514404,4.489999771118164,4.489999771118164,2843,0.0,0.0
2023-02-07 14:30:00-05:00,4.5,4.505000114440918,4.5,4.5,4.5,4612,0.0,0.0
2023-02-07 14:35:00-05:00,4.494999885559082,4.505000114440918,4.494999885559082,4.505000114440918,4.505000114440918,2434,0.0,0.0
2023-02-07 14:40:00-05:00,4.5,4.5,4.494999885559082,4.494999885559082,4.494999885559082,2094,0.0,0.0
2023-02-07 14:45:00-05:00,4.494999885559082,4.498600006103516,4.494999885559082,4.494999885559082,4.494999885559082,1404,0.0,0.0
2023-02-07 14:50:00-05:00,4.5,4.505000114440918,4.494999885559082,4.5,4.5,6371,0.0,0.0
2023-02-07 14:55:00-05:00,4.5,4.5,4.494999885559082,4.5,4.5,7853,0.0,0.0
2023-02-07 15:00:00-05:00,4.5,4.505000114440918,4.5,4.5,4.5,11610,0.0,0.0
2023-02-07 15:05:00-05:00,4.5,4.5,4.5,4.5,4.5,9866,0.0,0.0
2023-02-07 15:10:00-05:00,4.5,4.505000114440918,4.5,4.505000114440918,4.505000114440918,7817,0.0,0.0
2023-02-07 15:15:00-05:00,4.505000114440918,4.510000228881836,4.505000114440918,4.505000114440918,4.505000114440918,3393,0.0,0.0
2023-02-07 15:20:00-05:00,4.505000114440918,4.53000020980835,4.505000114440918,4.53000020980835,4.53000020980835,15986,0.0,0.0
2023-02-07 15:25:00-05:00,4.53000020980835,4.534999847412109,4.525000095367432,4.534999847412109,4.534999847412109,3467,0.0,0.0
2023-02-07 15:30:00-05:00,4.534999847412109,4.539999961853027,4.534999847412109,4.534999847412109,4.534999847412109,3481,0.0,0.0
2023-02-07 15:35:00-05:00,4.534999847412109,4.539999961853027,4.514999866485596,4.514999866485596,4.514999866485596,13185,0.0,0.0
2023-02-07 15:40:00-05:00,4.512499809265137,4.525000095367432,4.505000114440918,4.510000228881836,4.510000228881836,12408,0.0,0.0
2023-02-07 15:45:00-05:00,4.510000228881836,4.519999980926514,4.510000228881836,4.514999866485596,4.514999866485596,7776,0.0,0.0
2023-02-07 15:50:00-05:00,4.519999980926514,4.519999980926514,4.514999866485596,4.514999866485596,4.514999866485596,28164,0.0,0.0
2023-02-07 15:55:00-05:00,4.519999980926514,4.525000095367432,4.510000228881836,4.514999866485596,4.514999866485596,62256,0.0,0.0
2023-02-08 09:30:00-05:00,4.510000228881836,4.510000228881836,4.480000019073486,4.497099876403809,4.497099876403809,3753,0.0,0.0
2023-02-08 09:35:00-05:00,4.489999771118164,4.5,4.489999771118164,4.5,4.5,2704,0.0,0.0
2023-02-08 09:40:00-05:00,4.489999771118164,4.510000228881836,4.489999771118164,4.510000228881836,4.510000228881836,6077,0.0,0.0
2023-02-08 09:45:00-05:00,4.53000020980835,4.53000020980835,4.519999980926514,4.519999980926514,4.519999980926514,3236,0.0,0.0
2023-02-08 09:50:00-05:00,4.519999980926514,4.519999980926514,4.510000228881836,4.510000228881836,4.510000228881836,1201,0.0,0.0
2023-02-08 09:55:00-05:00,4.519999980926514,4.519999980926514,4.519999980926514,4.519999980926514,4.519999980926514,364,0.0,0.0
2023-02-08 10:10:00-05:00,4.514999866485596,4.514999866485596,4.514999866485596,4.514999866485596,4.514999866485596,588,0.0,0.0
2023-02-08 10:15:00-05:00,4.519999980926514,4.519999980926514,4.505000114440918,4.514999866485596,4.514999866485596,85677,0.0,0.0
2023-02-08 10:20:00-05:00,4.519999980926514,4.528800010681152,4.505000114440918,4.528800010681152,4.528800010681152,5669,0.0,0.0
2023-02-08 10:25:00-05:00,4.519999980926514,4.519999980926514,4.510000228881836,4.519999980926514,4.519999980926514,2092,0.0,0.0
2023-02-08 10:30:00-05:00,4.519999980926514,4.519999980926514,4.5,4.5,4.5,8577,0.0,0.0
2023-02-08 10:35:00-05:00,4.505000114440918,4.53000020980835,4.5,4.53000020980835,4.53000020980835,87222,0.0,0.0
2023-02-08 10:40:00-05:00,4.53000020980835,4.53000020980835,4.525000095367432,4.53000020980835,4.53000020980835,1560,0.0,0.0
2023-02-08 10:45:00-05:00,4.53000020980835,4.53000020980835,4.519999980926514,4.519999980926514,4.519999980926514,2221,0.0,0.0
2023-02-08 10:50:00-05:00,4.53000020980835,4.53000020980835,4.5,4.519999980926514,4.519999980926514,28053,0.0,0.0
2023-02-08 10:55:00-05:00,4.527500152587891,4.53000020980835,4.525000095367432,4.525000095367432,4.525000095367432,4708,0.0,0.0
2023-02-08 11:00:00-05:00,4.519999980926514,4.537499904632568,4.514999866485596,4.527500152587891,4.527500152587891,20746,0.0,0.0
2023-02-08 11:05:00-05:00,4.527500152587891,4.527500152587891,4.510000228881836,4.510000228881836,4.510000228881836,2652,0.0,0.0
2023-02-08 11:10:00-05:00,4.510000228881836,4.525000095367432,4.510000228881836,4.525000095367432,4.525000095367432,11293,0.0,0.0
2023-02-08 11:15:00-05:00,4.53000020980835,4.53000020980835,4.519999980926514,4.53000020980835,4.53000020980835,2374,0.0,0.0
2023-02-08 11:20:00-05:00,4.525000095367432,4.53000020980835,4.505000114440918,4.505000114440918,4.505000114440918,7931,0.0,0.0
2023-02-08 11:25:00-05:00,4.5,4.505000114440918,4.5,4.505000114440918,4.505000114440918,5597,0.0,0.0
2023-02-08 11:30:00-05:00,4.510000228881836,4.510000228881836,4.5,4.5,4.5,731,0.0,0.0
2023-02-08 11:35:00-05:00,4.505000114440918,4.510000228881836,4.502500057220459,4.510000228881836,4.510000228881836,5287,0.0,0.0
2023-02-08 11:40:00-05:00,4.510000228881836,4.510000228881836,4.505000114440918,4.505000114440918,4.505000114440918,3588,0.0,0.0
2023-02-08 11:45:00-05:00,4.505000114440918,4.510000228881836,4.505000114440918,4.510000228881836,4.510000228881836,959,0.0,0.0
2023-02-08 11:50:00-05:00,4.505000114440918,4.510000228881836,4.5,4.502500057220459,4.502500057220459,1241,0.0,0.0
2023-02-08 11:55:00-05:00,4.510000228881836,4.510000228881836,4.5,4.505000114440918,4.505000114440918,3171,0.0,0.0
2023-02-08 12:00:00-05:00,4.505000114440918,4.519999980926514,4.502500057220459,4.519999980926514,4.519999980926514,3194,0.0,0.0
2023-02-08 12:05:00-05:00,4.519999980926514,4.519999980926514,4.519999980926514,4.519999980926514,4.519999980926514,4219,0.0,0.0
2023-02-08 12:10:00-05:00,4.519999980926514,4.53000020980835,4.519999980926514,4.519999980926514,4.519999980926514,5946,0.0,0.0
2023-02-08 12:15:00-05:00,4.510000228881836,4.510000228881836,4.505000114440918,4.510000228881836,4.510000228881836,1784,0.0,0.0
2023-02-08 12:20:00-05:00,4.502500057220459,4.525000095367432,4.502500057220459,4.525000095367432,4.525000095367432,5738,0.0,0.0
2023-02-08 12:25:00-05:00,4.519999980926514,4.519999980926514,4.514999866485596,4.514999866485596,4.514999866485596,1957,0.0,0.0
2023-02-08 12:30:00-05:00,4.518899917602539,4.519999980926514,4.518899917602539,4.519999980926514,4.519999980926514,518,0.0,0.0
2023-02-08 12:35:00-05:00,4.519999980926514,4.519999980926514,4.512499809265137,4.519999980926514,4.519999980926514,1151,0.0,0.0
2023-02-08 12:40:00-05:00,4.519999980926514,4.519999980926514,4.512499809265137,4.512499809265137,4.512499809265137,4438,0.0,0.0
2023-02-08 12:45:00-05:00,4.519999980926514,4.519999980926514,4.512499809265137,4.519999980926514,4.519999980926514,1148,0.0,0.0
2023-02-08 12:50:00-05:00,4.519999980926514,4.525000095367432,4.510000228881836,4.510000228881836,4.510000228881836,5913,0.0,0.0
2023-02-08 13:00:00-05:00,4.505000114440918,4.510000228881836,4.5,4.510000228881836,4.510000228881836,971,0.0,0.0
2023-02-08 13:05:00-05:00,4.5,4.510000228881836,4.5,4.502500057220459,4.502500057220459,4765,0.0,0.0
2023-02-08 13:10:00-05:00,4.502500057220459,4.505000114440918,4.502500057220459,4.502500057220459,4.502500057220459,622,0.0,0.0
2023-02-08 13:15:00-05:00,4.5,4.510000228881836,4.5,4.502500057220459,4.502500057220459,1295,0.0,0.0
2023-02-08 13:20:00-05:00,4.502500057220459,4.510000228881836,4.502500057220459,4.505000114440918,4.505000114440918,2096,0.0,0.0
2023-02-08 13:25:00-05:00,4.510000228881836,4.510000228881836,4.5,4.505000114440918,4.505000114440918,3148,0.0,0.0
2023-02-08 13:30:00-05:00,4.502500057220459,4.510000228881836,4.502500057220459,4.505000114440918,4.505000114440918,1223,0.0,0.0
2023-02-08 13:35:00-05:00,4.510000228881836,4.510000228881836,4.5,4.5,4.5,9238,0.0,0.0
2023-02-08 13:40:00-05:00,4.5,4.510000228881836,4.5,4.510000228881836,4.510000228881836,4173,0.0,0.0
2023-02-08 13:45:00-05:00,4.502500057220459,4.502500057220459,4.502500057220459,4.502500057220459,4.502500057220459,336,0.0,0.0
2023-02-08 13:50:00-05:00,4.510000228881836,4.510000228881836,4.502500057220459,4.505000114440918,4.505000114440918,2008,0.0,0.0
2023-02-08 13:55:00-05:00,4.502500057220459,4.514999866485596,4.502500057220459,4.514999866485596,4.514999866485596,2920,0.0,0.0
2023-02-08 14:00:00-05:00,4.510000228881836,4.510000228881836,4.5,4.5,4.5,6932,0.0,0.0
2023-02-08 14:05:00-05:00,4.5,4.505000114440918,4.5,4.5,4.5,1713,0.0,0.0
2023-02-08 14:10:00-05:00,4.505000114440918,4.519999980926514,4.505000114440918,4.510000228881836,4.510000228881836,4258,0.0,0.0
2023-02-08 14:15:00-05:00,4.514999866485596,4.525000095367432,4.510000228881836,4.519999980926514,4.519999980926514,13405,0.0,0.0
2023-02-08 14:20:00-05:00,4.514999866485596,4.514999866485596,4.514999866485596,4.514999866485596,4.514999866485596,437,0.0,0.0
2023-02-08 14:25:00-05:00,4.510000228881836,4.510000228881836,4.5,4.5,4.5,3377,0.0,0.0
2023-02-08 14:30:00-05:00,4.505000114440918,4.505000114440918,4.5,4.505000114440918,4.505000114440918,1437,0.0,0.0
2023-02-08 14:35:00-05:00,4.505000114440918,4.514999866485596,4.5,4.510000228881836,4.510000228881836,5771,0.0,0.0
2023-02-08 14:40:00-05:00,4.505000114440918,4.514999866485596,4.5,4.514999866485596,4.514999866485596,11363,0.0,0.0
2023-02-08 14:45:00-05:00,4.519999980926514,4.525000095367432,4.519999980926514,4.525000095367432,4.525000095367432,4753,0.0,0.0
2023-02-08 14:50:00-05:00,4.525000095367432,4.525000095367432,4.525000095367432,4.525000095367432,4.525000095367432,629,0.0,0.0
2023-02-08 14:55:00-05:00,4.53000020980835,4.53000020980835,4.519999980926514,4.53000020980835,4.53000020980835,2160,0.0,0.0
2023-02-08 15:00:00-05:00,4.525000095367432,4.539999961853027,4.514999866485596,4.525000095367432,4.525000095367432,275973,0.0,0.0
2023-02-08 15:05:00-05:00,4.519999980926514,4.519999980926514,4.514999866485596,4.514999866485596,4.514999866485596,1262,0.0,0.0
2023-02-08 15:10:00-05:00,4.514999866485596,4.514999866485596,4.514999866485596,4.514999866485596,4.514999866485596,556,0.0,0.0
2023-02-08 15:15:00-05:00,4.514999866485596,4.53000020980835,4.510000228881836,4.519999980926514,4.519999980926514,16471,0.0,0.0
2023-02-08 15:20:00-05:00,4.525000095367432,4.52869987487793,4.525000095367432,4.525000095367432,4.525000095367432,1396,0.0,0.0
2023-02-08 15:25:00-05:00,4.525000095367432,4.53000020980835,4.519999980926514,4.519999980926514,4.519999980926514,2231,0.0,0.0
2023-02-08 15:30:00-05:00,4.525000095367432,4.53000020980835,4.514999866485596,4.514999866485596,4.514999866485596,8317,0.0,0.0
2023-02-08 15:35:00-05:00,4.514999866485596,4.539999961853027,4.514999866485596,4.539999961853027,4.539999961853027,15750,0.0,0.0
2023-02-08 15:40:00-05:00,4.539999961853027,4.545000076293945,4.539999961853027,4.545000076293945,4.545000076293945,4168,0.0,0.0
2023-02-08 15:45:00-05:00,4.545000076293945,4.545000076293945,4.53000020980835,4.534999847412109,4.534999847412109,13944,0.0,0.0
2023-02-08 15:50:00-05:00,4.534999847412109,4.548299789428711,4.53249979019165,4.539999961853027,4.539999961853027,16198,0.0,0.0
2023-02-08 15:55:00-05:00,4.548500061035156,4.570000171661377,4.539999961853027,4.570000171661377,4.570000171661377,121567,0.0,0.0
2023-02-09 09:30:00-05:00,4.610000133514404,4.610000133514404,4.599999904632568,4.599999904632568,4.599999904632568,3990,0.0,0.0
2023-02-09 09:35:00-05:00,4.599999904632568,4.610000133514404,4.59499979019165,4.599999904632568,4.599999904632568,7016,0.0,0.0
2023-02-09 09:40:00-05:00,4.610000133514404,4.610000133514404,4.59499979019165,4.59499979019165,4.59499979019165,4161,0.0,0.0
2023-02-09 09:45:00-05:00,4.599999904632568,4.619999885559082,4.599999904632568,4.614999771118164,4.614999771118164,1483,0.0,0.0
2023-02-09 09:50:00-05:00,4.619999885559082,4.630000114440918,4.599999904632568,4.599999904632568,4.599999904632568,11199,0.0,0.0
2023-02-09 09:55:00-05:00,4.605000019073486,4.610000133514404,4.599999904632568,4.610000133514404,4.610000133514404,6162,0.0,0.0
2023-02-09 10:00:00-05:00,4.605000019073486,4.614999771118164,4.605000019073486,4.605000019073486,4.605000019073486,2067,0.0,0.0
2023-02-09 10:05:00-05:00,4.610000133514404,4.610000133514404,4.605000019073486,4.605000019073486,4.605000019073486,2404,0.0,0.0
2023-02-09 10:10:00-05:00,4.605000019073486,4.610000133514404,4.599999904632568,4.599999904632568,4.599999904632568,5582,0.0,0.0
2023-02-09 10:15:00-05:00,4.605000019073486,4.614999771118164,4.599999904632568,4.614999771118164,4.614999771118164,10901,0.0,0.0
2023-02-09 10:20:00-05:00,4.614999771118164,4.614999771118164,4.59499979019165,4.599999904632568,4.599999904632568,5699,0.0,0.0
2023-02-09 10:25:00-05:00,4.590000152587891,4.605000019073486,4.590000152587891,4.59499979019165,4.59499979019165,5300,0.0,0.0
2023-02-09 10:30:00-05:00,4.599999904632568,4.599999904632568,4.59499979019165,4.599999904632568,4.599999904632568,2085,0.0,0.0
2023-02-09 10:35:00-05:00,4.590000152587891,4.590000152587891,4.585000038146973,4.585000038146973,4.585000038146973,2070,0.0,0.0
2023-02-09 10:40:00-05:00,4.585000038146973,4.590000152587891,4.585000038146973,4.590000152587891,4.590000152587891,2406,0.0,0.0
2023-02-09 10:45:00-05:00,4.585000038146973,4.59499979019165,4.579999923706055,4.59499979019165,4.59499979019165,8799,0.0,0.0
2023-02-09 10:50:00-05:00,4.59499979019165,4.605000019073486,4.59499979019165,4.599999904632568,4.599999904632568,11324,0.0,0.0
2023-02-09 10:55:00-05:00,4.599999904632568,4.605000019073486,4.599999904632568,4.599999904632568,4.599999904632568,1187,0.0,0.0
2023-02-09 11:00:00-05:00,4.605000019073486,4.605000019073486,4.574999809265137,4.579999923706055,4.579999923706055,3769,0.0,0.0
2023-02-09 11:05:00-05:00,4.579999923706055,4.585000038146973,4.574999809265137,4.585000038146973,4.585000038146973,1126,0.0,0.0
2023-02-09 11:10:00-05:00,4.590000152587891,4.590000152587891,4.581500053405762,4.585000038146973,4.585000038146973,4328,0.0,0.0
2023-02-09 11:15:00-05:00,4.585000038146973,4.585000038146973,4.574999809265137,4.574999809265137,4.574999809265137,1263,0.0,0.0
2023-02-09 11:20:00-05:00,4.574999809265137,4.579999923706055,4.565000057220459,4.565000057220459,4.565000057220459,1747,0.0,0.0
2023-02-09 11:25:00-05:00,4.565000057220459,4.565000057220459,4.565000057220459,4.565000057220459,4.565000057220459,458,0.0,0.0
2023-02-09 11:30:00-05:00,4.559999942779541,4.565000057220459,4.554999828338623,4.559999942779541,4.559999942779541,5370,0.0,0.0
2023-02-09 11:35:00-05:00,4.570000171661377,4.574999809265137,4.570000171661377,4.570000171661377,4.570000171661377,2010,0.0,0.0
2023-02-09 11:40:00-05:00,4.574999809265137,4.575699806213379,4.570000171661377,4.570000171661377,4.570000171661377,1082,0.0,0.0
2023-02-09 11:45:00-05:00,4.574999809265137,4.574999809265137,4.554999828338623,4.565000057220459,4.565000057220459,3791,0.0,0.0
2023-02-09 11:50:00-05:00,4.563499927520752,4.565000057220459,4.559999942779541,4.565000057220459,4.565000057220459,736,0.0,0.0
2023-02-09 11:55:00-05:00,4.565000057220459,4.570000171661377,4.565000057220459,4.570000171661377,4.570000171661377,762,0.0,0.0
2023-02-09 12:00:00-05:00,4.570000171661377,4.570000171661377,4.570000171661377,4.570000171661377,4.570000171661377,426,0.0,0.0
2023-02-09 12:05:00-05:00,4.574999809265137,4.574999809265137,4.570000171661377,4.570000171661377,4.570000171661377,307,0.0,0.0
2023-02-09 12:10:00-05:00,4.574999809265137,4.59499979019165,4.574999809265137,4.59499979019165,4.59499979019165,8935,0.0,0.0
2023-02-09 12:15:00-05:00,4.59499979019165,4.599999904632568,4.585000038146973,4.599999904632568,4.599999904632568,18630,0.0,0.0
2023-02-09 12:20:00-05:00,4.599999904632568,4.599999904632568,4.599999904632568,4.599999904632568,4.599999904632568,1574,0.0,0.0
2023-02-09 12:25:00-05:00,4.605000019073486,4.605000019073486,4.59499979019165,4.59499979019165,4.59499979019165,2378,0.0,0.0
2023-02-09 12:30:00-05:00,4.590000152587891,4.590000152587891,4.570000171661377,4.585000038146973,4.585000038146973,24203,0.0,0.0
2023-02-09 12:35:00-05:00,4.585000038146973,4.59499979019165,4.585000038146973,4.59499979019165,4.59499979019165,1836,0.0,0.0
2023-02-09 12:40:00-05:00,4.59499979019165,4.610000133514404,4.59499979019165,4.599999904632568,4.599999904632568,2432,0.0,0.0
2023-02-09 12:45:00-05:00,4.599999904632568,4.599999904632568,4.59499979019165,4.59499979019165,4.59499979019165,2250,0.0,0.0
2023-02-09 12:50:00-05:00,4.599999904632568,4.599999904632568,4.59499979019165,4.59499979019165,4.59499979019165,635,0.0,0.0
2023-02-09 12:55:00-05:00,4.59499979019165,4.605000019073486,4.59499979019165,4.605000019073486,4.605000019073486,1127,0.0,0.0
2023-02-09 13:00:00-05:00,4.605000019073486,4.610000133514404,4.59499979019165,4.599999904632568,4.599999904632568,5284,0.0,0.0
2023-02-09 13:05:00-05:00,4.59499979019165,4.599999904632568,4.59499979019165,4.599999904632568,4.599999904632568,842,0.0,0.0
2023-02-09 13:10:00-05:00,4.59499979019165,4.59499979019165,4.590000152587891,4.590000152587891,4.590000152587891,1256,0.0,0.0
2023-02-09 13:15:00-05:00,4.585000038146973,4.585000038146973,4.585000038146973,4.585000038146973,4.585000038146973,897,0.0,0.0
2023-02-09 13:20:00-05:00,4.590000152587891,4.590000152587891,4.579999923706055,4.585000038146973,4.585000038146973,559,0.0,0.0
2023-02-09 13:25:00-05:00,4.585000038146973,4.585000038146973,4.574999809265137,4.574999809265137,4.574999809265137,1768,0.0,0.0
2023-02-09 13:30:00-05:00,4.565000057220459,4.579999923706055,4.565000057220459,4.574999809265137,4.574999809265137,3320,0.0,0.0
2023-02-09 13:35:00-05:00,4.574999809265137,4.579999923706055,4.570000171661377,4.574999809265137,4.574999809265137,3375,0.0,0.0
2023-02-09 13:40:00-05:00,4.570000171661377,4.579999923706055,4.570000171661377,4.574999809265137,4.574999809265137,6367,0.0,0.0
2023-02-09 13:45:00-05:00,4.574999809265137,4.579999923706055,4.574999809265137,4.574999809265137,4.574999809265137,752,0.0,0.0
2023-02-09 13:50:00-05:00,4.574999809265137,4.579999923706055,4.574999809265137,4.579999923706055,4.579999923706055,1257,0.0,0.0
2023-02-09 13:55:00-05:00,4.579999923706055,4.579999923706055,4.559999942779541,4.559999942779541,4.559999942779541,1532,0.0,0.0
2023-02-09 14:00:00-05:00,4.570000171661377,4.570000171661377,4.565000057220459,4.570000171661377,4.570000171661377,2697,0.0,0.0
2023-02-09 14:05:00-05:00,4.570000171661377,4.574999809265137,4.570000171661377,4.574999809265137,4.574999809265137,5130,0.0,0.0
2023-02-09 14:10:00-05:00,4.570000171661377,4.579999923706055,4.570000171661377,4.579999923706055,4.579999923706055,3471,0.0,0.0
2023-02-09 14:15:00-05:00,4.579999923706055,4.579999923706055,4.574999809265137,4.579999923706055,4.579999923706055,1957,0.0,0.0
2023-02-09 14:20:00-05:00,4.579999923706055,4.579999923706055,4.579999923706055,4.579999923706055,4.579999923706055,804,0.0,0.0
2023-02-09 14:25:00-05:00,4.579999923706055,4.579999923706055,4.574999809265137,4.579999923706055,4.579999923706055,1257,0.0,0.0
2023-02-09 14:30:00-05:00,4.579999923706055,4.579999923706055,4.579999923706055,4.579999923706055,4.579999923706055,750,0.0,0.0
2023-02-09 14:35:00-05:00,4.579999923706055,4.579999923706055,4.574999809265137,4.579999923706055,4.579999923706055,1500,0.0,0.0
2023-02-09 14:40:00-05:00,4.579999923706055,4.585000038146973,4.574999809265137,4.585000038146973,4.585000038146973,10439,0.0,0.0
2023-02-09 14:45:00-05:00,4.579999923706055,4.585000038146973,4.579999923706055,4.585000038146973,4.585000038146973,1303,0.0,0.0
2023-02-09 14:50:00-05:00,4.585000038146973,4.585000038146973,4.579999923706055,4.585000038146973,4.585000038146973,2306,0.0,0.0
2023-02-09 14:55:00-05:00,4.585000038146973,4.585000038146973,4.579999923706055,4.585000038146973,4.585000038146973,8648,0.0,0.0
2023-02-09 15:00:00-05:00,4.579999923706055,4.579999923706055,4.574999809265137,4.579999923706055,4.579999923706055,4189,0.0,0.0
2023-02-09 15:05:00-05:00,4.579999923706055,4.579999923706055,4.574999809265137,4.579999923706055,4.579999923706055,1133,0.0,0.0
2023-02-09 15:10:00-05:00,4.574999809265137,4.579999923706055,4.570000171661377,4.579999923706055,4.579999923706055,4237,0.0,0.0
2023-02-09 15:15:00-05:00,4.579999923706055,4.579999923706055,4.574999809265137,4.579999923706055,4.579999923706055,2664,0.0,0.0
2023-02-09 15:20:00-05:00,4.579999923706055,4.579999923706055,4.574999809265137,4.574999809265137,4.574999809265137,10607,0.0,0.0
2023-02-09 15:25:00-05:00,4.579999923706055,4.579999923706055,4.574999809265137,4.579999923706055,4.579999923706055,3848,0.0,0.0
2023-02-09 15:30:00-05:00,4.579999923706055,4.579999923706055,4.565000057220459,4.570000171661377,4.570000171661377,22269,0.0,0.0
2023-02-09 15:35:00-05:00,4.570000171661377,4.585000038146973,4.565000057220459,4.585000038146973,4.585000038146973,11228,0.0,0.0
2023-02-09 15:40:00-05:00,4.585000038146973,4.590000152587891,4.579999923706055,4.585000038146973,4.585000038146973,34321,0.0,0.0
2023-02-09 15:45:00-05:00,4.585000038146973,4.590000152587891,4.579999923706055,4.585000038146973,4.585000038146973,11558,0.0,0.0
2023-02-09 15:50:00-05:00,4.585000038146973,4.605000019073486,4.585000038146973,4.59499979019165,4.59499979019165,20341,0.0,0.0
2023-02-09 15:55:00-05:00,4.59499979019165,4.610000133514404,4.579999923706055,4.590000152587891,4.590000152587891,77298,0.0,0.0
2023-02-10 09:30:00-05:00,4.570000171661377,4.599999904632568,4.570000171661377,4.590000152587891,4.590000152587891,7119,0.0,0.0
2023-02-10 09:35:00-05:00,4.590000152587891,4.590000152587891,4.590000152587891,4.590000152587891,4.590000152587891,203,0.0,0.0
2023-02-10 09:40:00-05:00,4.590000152587891,4.614999771118164,4.590000152587891,4.599999904632568,4.599999904632568,6281,0.0,0.0
2023-02-10 09:45:00-05:00,4.599999904632568,4.610000133514404,4.590000152587891,4.593900203704834,4.593900203704834,5028,0.0,0.0
2023-02-10 09:50:00-05:00,4.599999904632568,4.619999885559082,4.599999904632568,4.619999885559082,4.619999885559082,4931,0.0,0.0
2023-02-10 09:55:00-05:00,4.619999885559082,4.619999885559082,4.610000133514404,4.610000133514404,4.610000133514404,797,0.0,0.0
2023-02-10 10:00:00-05:00,4.599999904632568,4.610000133514404,4.585000038146973,4.585000038146973,4.585000038146973,13325,0.0,0.0
2023-02-10 10:05:00-05:00,4.585599899291992,4.585599899291992,4.585599899291992,4.585599899291992,4.585599899291992,548,0.0,0.0
2023-02-10 10:10:00-05:00,4.590000152587891,4.59499979019165,4.590000152587891,4.59499979019165,4.59499979019165,6880,0.0,0.0
2023-02-10 10:15:00-05:00,4.590000152587891,4.59499979019165,4.590000152587891,4.59499979019165,4.59499979019165,2607,0.0,0.0
2023-02-10 10:20:00-05:00,4.59499979019165,4.599999904632568,4.59499979019165,4.599999904632568,4.599999904632568,361,0.0,0.0
2023-02-10 10:25:00-05:00,4.590000152587891,4.599999904632568,4.590000152587891,4.59499979019165,4.59499979019165,3601,0.0,0.0
2023-02-10 10:30:00-05:00,4.599999904632568,4.605000019073486,4.590000152587891,4.590000152587891,4.590000152587891,66261,0.0,0.0
2023-02-10 10:35:00-05:00,4.590000152587891,4.605000019073486,4.590000152587891,4.605000019073486,4.605000019073486,2843,0.0,0.0
2023-02-10 10:40:00-05:00,4.599999904632568,4.599999904632568,4.590000152587891,4.59499979019165,4.59499979019165,1916,0.0,0.0
2023-02-10 10:45:00-05:00,4.593299865722656,4.59499979019165,4.593299865722656,4.59499979019165,4.59499979019165,3184,0.0,0.0
2023-02-10 10:50:00-05:00,4.59499979019165,4.599999904632568,4.59499979019165,4.59499979019165,4.59499979019165,3030,0.0,0.0
2023-02-10 10:55:00-05:00,4.599999904632568,4.614999771118164,4.599999904632568,4.614999771118164,4.614999771118164,2671,0.0,0.0
2023-02-10 11:00:00-05:00,4.619999885559082,4.619999885559082,4.610000133514404,4.614999771118164,4.614999771118164,1861,0.0,0.0
2023-02-10 11:05:00-05:00,4.610799789428711,4.619999885559082,4.610799789428711,4.614999771118164,4.614999771118164,4375,0.0,0.0
2023-02-10 11:10:00-05:00,4.610000133514404,4.614999771118164,4.605000019073486,4.614999771118164,4.614999771118164,2426,0.0,0.0
2023-02-10 11:15:00-05:00,4.619999885559082,4.625,4.614999771118164,4.625,4.625,5958,0.0,0.0
2023-02-10 11:20:00-05:00,4.625,4.625,4.625,4.625,4.625,315,0.0,0.0
2023-02-10 11:25:00-05:00,4.625,4.625,4.610000133514404,4.610000133514404,4.610000133514404,2366,0.0,0.0
2023-02-10 11:30:00-05:00,4.605000019073486,4.605000019073486,4.599999904632568,4.599999904632568,4.599999904632568,2506,0.0,0.0
2023-02-10 11:40:00-05:00,4.610000133514404,4.610000133514404,4.605000019073486,4.605000019073486,4.605000019073486,456,0.0,0.0
2023-02-10 11:45:00-05:00,4.605000019073486,4.605000019073486,4.59499979019165,4.59499979019165,4.59499979019165,2717,0.0,0.0
2023-02-10 11:50:00-05:00,4.59499979019165,4.59499979019165,4.590000152587891,4.590000152587891,4.590000152587891,1759,0.0,0.0
2023-02-10 11:55:00-05:00,4.59499979019165,4.59499979019165,4.590000152587891,4.590000152587891,4.590000152587891,1277,0.0,0.0
2023-02-10 12:00:00-05:00,4.590000152587891,4.59499979019165,4.590000152587891,4.59499979019165,4.59499979019165,2042,0.0,0.0
2023-02-10 12:05:00-05:00,4.5991997718811035,4.599999904632568,4.585000038146973,4.59499979019165,4.59499979019165,3603,0.0,0.0
2023-02-10 12:10:00-05:00,4.599999904632568,4.599999904632568,4.59499979019165,4.59499979019165,4.59499979019165,358,0.0,0.0
2023-02-10 12:15:00-05:00,4.59499979019165,4.59499979019165,4.59499979019165,4.59499979019165,4.59499979019165,218,0.0,0.0
2023-02-10 12:20:00-05:00,4.59499979019165,4.610000133514404,4.59499979019165,4.59499979019165,4.59499979019165,4255,0.0,0.0
2023-02-10 12:25:00-05:00,4.59499979019165,4.599999904632568,4.590000152587891,4.590000152587891,4.590000152587891,7608,0.0,0.0
2023-02-10 12:30:00-05:00,4.590000152587891,4.6016998291015625,4.590000152587891,4.599999904632568,4.599999904632568,4580,0.0,0.0
2023-02-10 12:35:00-05:00,4.605000019073486,4.605000019073486,4.599999904632568,4.599999904632568,4.599999904632568,2502,0.0,0.0
2023-02-10 12:40:00-05:00,4.599999904632568,4.605000019073486,4.590000152587891,4.59499979019165,4.59499979019165,8602,0.0,0.0
2023-02-10 12:45:00-05:00,4.590000152587891,4.59499979019165,4.585000038146973,4.59499979019165,4.59499979019165,15062,0.0,0.0
2023-02-10 12:50:00-05:00,4.590000152587891,4.590000152587891,4.585000038146973,4.590000152587891,4.590000152587891,4250,0.0,0.0
2023-02-10 12:55:00-05:00,4.59499979019165,4.59499979019165,4.59499979019165,4.59499979019165,4.59499979019165,1258,0.0,0.0
2023-02-10 13:00:00-05:00,4.590000152587891,4.59499979019165,4.590000152587891,4.590000152587891,4.590000152587891,5752,0.0,0.0
2023-02-10 13:05:00-05:00,4.590000152587891,4.599999904632568,4.590000152587891,4.599999904632568,4.599999904632568,1633,0.0,0.0
2023-02-10 13:10:00-05:00,4.599999904632568,4.610000133514404,4.599999904632568,4.599999904632568,4.599999904632568,2197,0.0,0.0
2023-02-10 13:15:00-05:00,4.605000019073486,4.610000133514404,4.59499979019165,4.59499979019165,4.59499979019165,3680,0.0,0.0
2023-02-10 13:20:00-05:00,4.59499979019165,4.59499979019165,4.590000152587891,4.590000152587891,4.590000152587891,1948,0.0,0.0
2023-02-10 13:25:00-05:00,4.590000152587891,4.59499979019165,4.590000152587891,4.59499979019165,4.59499979019165,3765,0.0,0.0
2023-02-10 13:30:00-05:00,4.590000152587891,4.599999904632568,4.590000152587891,4.59499979019165,4.59499979019165,3754,0.0,0.0
2023-02-10 13:35:00-05:00,4.59499979019165,4.598700046539307,4.590000152587891,4.590000152587891,4.590000152587891,1067,0.0,0.0
2023-02-10 13:40:00-05:00,4.590000152587891,4.59089994430542,4.585000038146973,4.585000038146973,4.585000038146973,7405,0.0,0.0
2023-02-10 13:45:00-05:00,4.587500095367432,4.590000152587891,4.585000038146973,4.590000152587891,4.590000152587891,26625,0.0,0.0
2023-02-10 13:50:00-05:00,4.579999923706055,4.590000152587891,4.579999923706055,4.590000152587891,4.590000152587891,7405,0.0,0.0
2023-02-10 13:55:00-05:00,4.590000152587891,4.59499979019165,4.590000152587891,4.59499979019165,4.59499979019165,3441,0.0,0.0
2023-02-10 14:00:00-05:00,4.59499979019165,4.59499979019165,4.59499979019165,4.59499979019165,4.59499979019165,773,0.0,0.0
2023-02-10 14:05:00-05:00,4.590000152587891,4.59499979019165,4.590000152587891,4.590000152587891,4.590000152587891,5295,0.0,0.0
2023-02-10 14:15:00-05:00,4.59499979019165,4.59499979019165,4.590000152587891,4.590000152587891,4.590000152587891,547,0.0,0.0
2023-02-10 14:20:00-05:00,4.590000152587891,4.59499979019165,4.585000038146973,4.590000152587891,4.590000152587891,8081,0.0,0.0
2023-02-10 14:25:00-05:00,4.59499979019165,4.599999904632568,4.590000152587891,4.590000152587891,4.590000152587891,956,0.0,0.0
2023-02-10 14:30:00-05:00,4.590000152587891,4.605000019073486,4.590000152587891,4.590000152587891,4.590000152587891,4475,0.0,0.0
2023-02-10 14:35:00-05:00,4.590000152587891,4.599999904632568,4.590000152587891,4.590000152587891,4.590000152587891,3983,0.0,0.0
2023-02-10 14:40:00-05:00,4.590000152587891,4.59499979019165,4.585000038146973,4.59499979019165,4.59499979019165,5460,0.0,0.0
2023-02-10 14:45:00-05:00,4.5914998054504395,4.59499979019165,4.5914998054504395,4.59499979019165,4.59499979019165,252,0.0,0.0
2023-02-10 14:50:00-05:00,4.59499979019165,4.599999904632568,4.59250020980835,4.599999904632568,4.599999904632568,703,0.0,0.0
2023-02-10 14:55:00-05:00,4.599999904632568,4.599999904632568,4.590000152587891,4.590000152587891,4.590000152587891,5043,0.0,0.0
2023-02-10 15:00:00-05:00,4.59499979019165,4.59499979019165,4.585000038146973,4.585000038146973,4.585000038146973,3266,0.0,0.0
2023-02-10 15:05:00-05:00,4.585000038146973,4.590000152587891,4.574999809265137,4.585000038146973,4.585000038146973,13752,0.0,0.0
2023-02-10 15:10:00-05:00,4.590000152587891,4.590000152587891,4.582499980926514,4.590000152587891,4.590000152587891,1098,0.0,0.0
2023-02-10 15:15:00-05:00,4.585000038146973,4.585000038146973,4.582499980926514,4.582499980926514,4.582499980926514,362,0.0,0.0
2023-02-10 15:20:00-05:00,4.590000152587891,4.590000152587891,4.579999923706055,4.585000038146973,4.585000038146973,2822,0.0,0.0
2023-02-10 15:25:00-05:00,4.585000038146973,4.585000038146973,4.585000038146973,4.585000038146973,4.585000038146973,793,0.0,0.0
2023-02-10 15:30:00-05:00,4.585000038146973,4.590000152587891,4.585000038146973,4.585000038146973,4.585000038146973,2984,0.0,0.0
2023-02-10 15:35:00-05:00,4.585000038146973,4.599999904632568,4.582499980926514,4.59499979019165,4.59499979019165,7258,0.0,0.0
2023-02-10 15:40:00-05:00,4.590000152587891,4.599999904632568,4.590000152587891,4.59499979019165,4.59499979019165,3090,0.0,0.0
2023-02-10 15:45:00-05:00,4.59499979019165,4.599999904632568,4.576499938964844,4.59499979019165,4.59499979019165,27289,0.0,0.0
2023-02-10 15:50:00-05:00,4.590000152587891,4.599999904632568,4.585000038146973,4.590000152587891,4.590000152587891,6794,0.0,0.0
2023-02-10 15:55:00-05:00,4.590000152587891,4.599999904632568,4.579999923706055,4.590000152587891,4.590000152587891,30811,0.0,0.0
2023-02-13 09:30:00-05:00,4.599999904632568,4.599999904632568,4.570000171661377,4.579999923706055,4.579999923706055,2995,0.0,0.0
2023-02-13 09:35:00-05:00,4.579999923706055,4.590000152587891,4.579999923706055,4.590000152587891,4.590000152587891,1423,0.0,0.0
2023-02-13 09:40:00-05:00,4.589000225067139,4.590000152587891,4.579999923706055,4.585000038146973,4.585000038146973,2971,0.0,0.0
2023-02-13 09:45:00-05:00,4.579999923706055,4.590000152587891,4.579999923706055,4.585000038146973,4.585000038146973,1913,0.0,0.0
2023-02-13 09:50:00-05:00,4.585000038146973,4.590000152587891,4.585000038146973,4.590000152587891,4.590000152587891,1796,0.0,0.0
2023-02-13 09:55:00-05:00,4.599999904632568,4.607900142669678,4.599999904632568,4.599999904632568,4.599999904632568,1097,0.0,0.0
2023-02-13 10:00:00-05:00,4.599999904632568,4.599999904632568,4.599999904632568,4.599999904632568,4.599999904632568,593,0.0,0.0
2023-02-13 10:05:00-05:00,4.590000152587891,4.590000152587891,4.579999923706055,4.579999923706055,4.579999923706055,2399,0.0,0.0
2023-02-13 10:10:00-05:00,4.58620023727417,4.58620023727417,4.585000038146973,4.585000038146973,4.585000038146973,543,0.0,0.0
2023-02-13 10:15:00-05:00,4.585000038146973,4.589600086212158,4.579999923706055,4.579999923706055,4.579999923706055,665,0.0,0.0
2023-02-13 10:20:00-05:00,4.579999923706055,4.585000038146973,4.579999923706055,4.585000038146973,4.585000038146973,362,0.0,0.0
2023-02-13 10:25:00-05:00,4.585000038146973,4.590000152587891,4.579999923706055,4.579999923706055,4.579999923706055,1783,0.0,0.0
2023-02-13 10:30:00-05:00,4.579999923706055,4.579999923706055,4.574999809265137,4.579999923706055,4.579999923706055,4183,0.0,0.0
2023-02-13 10:35:00-05:00,4.590000152587891,4.590000152587891,4.590000152587891,4.590000152587891,4.590000152587891,882,0.0,0.0
2023-02-13 10:40:00-05:00,4.590000152587891,4.610000133514404,4.590000152587891,4.599999904632568,4.599999904632568,2238,0.0,0.0
2023-02-13 10:45:00-05:00,4.599999904632568,4.605000019073486,4.579999923706055,4.599999904632568,4.599999904632568,62579,0.0,0.0
2023-02-13 10:50:00-05:00,4.59499979019165,4.599999904632568,4.579999923706055,4.59499979019165,4.59499979019165,11296,0.0,0.0
2023-02-13 10:55:00-05:00,4.599999904632568,4.599999904632568,4.590000152587891,4.590000152587891,4.590000152587891,1249,0.0,0.0
2023-02-13 11:00:00-05:00,4.585000038146973,4.590000152587891,4.579999923706055,4.585000038146973,4.585000038146973,2971,0.0,0.0
2023-02-13 11:05:00-05:00,4.590000152587891,4.590000152587891,4.585000038146973,4.585000038146973,4.585000038146973,1548,0.0,0.0
2023-02-13 11:10:00-05:00,4.585000038146973,4.585000038146973,4.574999809265137,4.585000038146973,4.585000038146973,6112,0.0,0.0
2023-02-13 11:15:00-05:00,4.5879998207092285,4.590000152587891,4.5879998207092285,4.588699817657471,4.588699817657471,758,0.0,0.0
2023-02-13 11:20:00-05:00,4.585000038146973,4.585000038146973,4.579999923706055,4.579999923706055,4.579999923706055,2045,0.0,0.0
2023-02-13 11:25:00-05:00,4.579999923706055,4.585000038146973,4.574999809265137,4.585000038146973,4.585000038146973,11462,0.0,0.0
2023-02-13 11:30:00-05:00,4.585000038146973,4.590000152587891,4.579999923706055,4.579999923706055,4.579999923706055,3281,0.0,0.0
2023-02-13 11:35:00-05:00,4.590000152587891,4.590000152587891,4.585000038146973,4.585999965667725,4.585999965667725,2107,0.0,0.0
2023-02-13 11:40:00-05:00,4.585000038146973,4.585000038146973,4.579999923706055,4.585000038146973,4.585000038146973,1410,0.0,0.0
2023-02-13 11:45:00-05:00,4.585000038146973,4.590000152587891,4.585000038146973,4.585000038146973,4.585000038146973,2614,0.0,0.0
2023-02-13 11:50:00-05:00,4.585000038146973,4.585000038146973,4.585000038146973,4.585000038146973,4.585000038146973,355,0.0,0.0
2023-02-13 11:55:00-05:00,4.579999923706055,4.590000152587891,4.574999809265137,4.585000038146973,4.585000038146973,6911,0.0,0.0
2023-02-13 12:00:00-05:00,4.590000152587891,4.590000152587891,4.585000038146973,4.585000038146973,4.585000038146973,2564,0.0,0.0
2023-02-13 12:05:00-05:00,4.590000152587891,4.590000152587891,4.590000152587891,4.590000152587891,4.590000152587891,997,0.0,0.0
2023-02-13 12:10:00-05:00,4.599999904632568,4.599999904632568,4.59499979019165,4.59499979019165,4.59499979019165,5253,0.0,0.0
2023-02-13 12:15:00-05:00,4.59499979019165,4.59499979019165,4.59499979019165,4.59499979019165,4.59499979019165,472,0.0,0.0
2023-02-13 12:20:00-05:00,4.59499979019165,4.59499979019165,4.590000152587891,4.59499979019165,4.59499979019165,1628,0.0,0.0
2023-02-13 12:25:00-05:00,4.585000038146973,4.590000152587891,4.585000038146973,4.585000038146973,4.585000038146973,2684,0.0,0.0
2023-02-13 12:30:00-05:00,4.590000152587891,4.590000152587891,4.585000038146973,4.585000038146973,4.585000038146973,348,0.0,0.0
2023-02-13 12:35:00-05:00,4.585000038146973,4.585000038146973,4.585000038146973,4.585000038146973,4.585000038146973,571,0.0,0.0
2023-02-13 12:40:00-05:00,4.585000038146973,4.590000152587891,4.579999923706055,4.590000152587891,4.590000152587891,3885,0.0,0.0
2023-02-13 12:45:00-05:00,4.579999923706055,4.589900016784668,4.579999923706055,4.585000038146973,4.585000038146973,5969,0.0,0.0
2023-02-13 12:50:00-05:00,4.585000038146973,4.590000152587891,4.579999923706055,4.585000038146973,4.585000038146973,2499,0.0,0.0
2023-02-13 12:55:00-05:00,4.585000038146973,4.585000038146973,4.574999809265137,4.579999923706055,4.579999923706055,7437,0.0,0.0
2023-02-13 13:00:00-05:00,4.585000038146973,4.585000038146973,4.585000038146973,4.585000038146973,4.585000038146973,387,0.0,0.0
2023-02-13 13:05:00-05:00,4.590000152587891,4.59499979019165,4.585000038146973,4.59499979019165,4.59499979019165,8009,0.0,0.0
2023-02-13 13:10:00-05:00,4.590099811553955,4.59499979019165,4.590000152587891,4.59499979019165,4.59499979019165,3204,0.0,0.0
2023-02-13 13:15:00-05:00,4.59499979019165,4.59499979019165,4.59499979019165,4.59499979019165,4.59499979019165,1033,0.0,0.0
2023-02-13 13:20:00-05:00,4.59499979019165,4.599999904632568,4.59499979019165,4.59499979019165,4.59499979019165,2514,0.0,0.0
2023-02-13 13:25:00-05:00,4.59499979019165,4.610000133514404,4.59499979019165,4.610000133514404,4.610000133514404,125590,0.0,0.0
2023-02-13 13:30:00-05:00,4.610000133514404,4.625,4.59499979019165,4.625,4.625,18063,0.0,0.0
2023-02-13 13:35:00-05:00,4.619999885559082,4.635000228881836,4.619999885559082,4.635000228881836,4.635000228881836,9331,0.0,0.0
2023-02-13 13:40:00-05:00,4.635000228881836,4.664999961853027,4.635000228881836,4.664999961853027,4.664999961853027,9068,0.0,0.0
2023-02-13 13:45:00-05:00,4.670000076293945,4.715000152587891,4.670000076293945,4.715000152587891,4.715000152587891,18044,0.0,0.0
2023-02-13 13:50:00-05:00,4.715000152587891,4.715000152587891,4.710000038146973,4.715000152587891,4.715000152587891,1985,0.0,0.0
2023-02-13 13:55:00-05:00,4.715000152587891,4.715000152587891,4.715000152587891,4.715000152587891,4.715000152587891,2836,0.0,0.0
2023-02-13 14:00:00-05:00,4.715000152587891,4.739999771118164,4.715000152587891,4.735000133514404,4.735000133514404,16856,0.0,0.0
2023-02-13 14:05:00-05:00,4.735000133514404,4.735000133514404,4.699999809265137,4.704999923706055,4.704999923706055,8932,0.0,0.0
2023-02-13 14:10:00-05:00,4.704999923706055,4.715000152587891,4.699999809265137,4.704999923706055,4.704999923706055,10253,0.0,0.0
2023-02-13 14:15:00-05:00,4.704999923706055,4.710000038146973,4.704999923706055,4.704999923706055,4.704999923706055,4974,0.0,0.0
2023-02-13 14:20:00-05:00,4.704999923706055,4.715000152587891,4.704999923706055,4.715000152587891,4.715000152587891,10185,0.0,0.0
2023-02-13 14:25:00-05:00,4.715000152587891,4.715000152587891,4.683000087738037,4.684999942779541,4.684999942779541,9062,0.0,0.0
2023-02-13 14:30:00-05:00,4.690000057220459,4.695000171661377,4.670000076293945,4.675000190734863,4.675000190734863,12714,0.0,0.0
2023-02-13 14:35:00-05:00,4.670000076293945,4.679999828338623,4.664999961853027,4.675000190734863,4.675000190734863,10415,0.0,0.0
2023-02-13 14:40:00-05:00,4.679999828338623,4.679999828338623,4.670000076293945,4.675000190734863,4.675000190734863,5203,0.0,0.0
2023-02-13 14:45:00-05:00,4.670000076293945,4.679900169372559,4.664999961853027,4.670000076293945,4.670000076293945,10223,0.0,0.0
2023-02-13 14:50:00-05:00,4.670000076293945,4.670000076293945,4.664999961853027,4.664999961853027,4.664999961853027,1461,0.0,0.0
2023-02-13 14:55:00-05:00,4.664999961853027,4.670000076293945,4.664999961853027,4.664999961853027,4.664999961853027,887,0.0,0.0
2023-02-13 15:00:00-05:00,4.664999961853027,4.664999961853027,4.659999847412109,4.659999847412109,4.659999847412109,2023,0.0,0.0
2023-02-13 15:05:00-05:00,4.664999961853027,4.664999961853027,4.65500020980835,4.65500020980835,4.65500020980835,4649,0.0,0.0
2023-02-13 15:10:00-05:00,4.65500020980835,4.659999847412109,4.65500020980835,4.65500020980835,4.65500020980835,2848,0.0,0.0
2023-02-13 15:15:00-05:00,4.65500020980835,4.65500020980835,4.644999980926514,4.644999980926514,4.644999980926514,493798,0.0,0.0
2023-02-13 15:20:00-05:00,4.650000095367432,4.65500020980835,4.635000228881836,4.65500020980835,4.65500020980835,15512,0.0,0.0
2023-02-13 15:25:00-05:00,4.659999847412109,4.679999828338623,4.65500020980835,4.675000190734863,4.675000190734863,23515,0.0,0.0
2023-02-13 15:30:00-05:00,4.675000190734863,4.679999828338623,4.675000190734863,4.675000190734863,4.675000190734863,1816,0.0,0.0
2023-02-13 15:35:00-05:00,4.679999828338623,4.684999942779541,4.670000076293945,4.670000076293945,4.670000076293945,12863,0.0,0.0
2023-02-13 15:40:00-05:00,4.675000190734863,4.684999942779541,4.670000076293945,4.684999942779541,4.684999942779541,12708,0.0,0.0
2023-02-13 15:45:00-05:00,4.684999942779541,4.690000057220459,4.679999828338623,4.684999942779541,4.684999942779541,15781,0.0,0.0
2023-02-13 15:50:00-05:00,4.684999942779541,4.684999942779541,4.675000190734863,4.675000190734863,4.675000190734863,8699,0.0,0.0
2023-02-13 15:55:00-05:00,4.675000190734863,4.699999809265137,4.664999961853027,4.699999809265137,4.699999809265137,53508,0.0,0.0
2023-02-13 16:00:00-05:00,4.699999809265137,4.699999809265137,4.699999809265137,4.699999809265137,4.699999809265137,0,0.0,0.0
